3107
0,18
14,32
28,46
42,60
56,74
70,88
84,102
98,116
112,130
126,144
140,158
154,172
168,186
182,200
196,214
210,228
224,242
238,256
252,270
266,284
280,298
294,312
308,326
322,340
336,354
350,368
364,382
378,396
392,410
406,424
420,438
434,452
448,466
462,480
476,494
490,508
504,522
518,536
532,550
546,564
560,578
574,592
588,606
602,620
616,634
630,648
644,662
658,676
672,690
686,704
700,718
714,732
728,746
742,760
756,774
770,788
784,802
798,816
812,830
826,844
840,858
854,872
868,886
882,900
896,914
910,928
924,942
938,956
952,970
966,984
980,998
994,1012
1008,1026
1022,1040
1036,1054
1050,1068
1064,1082
1078,1096
1092,1110
1106,1124
1120,1138
1134,1152
1148,1166
1162,1180
1176,1194
1190,1208
1204,1222
1218,1236
1232,1250
1246,1264
1260,1278
1274,1292
1288,1306
1302,1320
1316,1334
1330,1348
1344,1362
1358,1376
1372,1390
1386,1404
1400,1418
1414,1432
1428,1446
1442,1460
1456,1474
1470,1488
1484,1502
1498,1516
1512,1530
1526,1544
1540,1558
1554,1572
1568,1586
1582,1600
1596,1614
1610,1628
1624,1642
1638,1656
1652,1670
1666,1684
1680,1698
1694,1712
1708,1726
1722,1740
1736,1754
1750,1768
1764,1782
1778,1796
1792,1810
1806,1824
1820,1838
1834,1852
1848,1866
1862,1880
1876,1894
1890,1908
1904,1922
1918,1936
1932,1950
1946,1964
1960,1978
1974,1992
1988,2006
2002,2020
2016,2034
2030,2048
2044,2062
2058,2076
2072,2090
2086,2104
2100,2118
2114,2132
2128,2146
2142,2160
2156,2174
2170,2188
2184,2202
2198,2216
2212,2230
2226,2244
2240,2258
2254,2272
2268,2286
2282,2300
2296,2314
2310,2328
2324,2342
2338,2356
2352,2370
2366,2384
2380,2398
2394,2412
2408,2426
2422,2440
2436,2454
2450,2468
2464,2482
2478,2496
2492,2510
2506,2524
2520,2538
2534,2552
2548,2566
2562,2580
2576,2594
2590,2608
2604,2622
2618,2636
2632,2650
2646,2664
2660,2678
2674,2692
2688,2706
2702,2720
2716,2734
2730,2748
2744,2762
2758,2776
2772,2790
2786,2804
2800,2818
2814,2832
2828,2846
2842,2860
2856,2874
2870,2888
2884,2902
2898,2916
2912,2930
2926,2944
2940,2958
2954,2972
2968,2986
2982,3000
2996,3014
3010,3028
3024,3042
3038,3056
3052,3070
3066,3084
3080,3098
3094,3112
3108,3126
3122,3140
3136,3154
3150,3168
3164,3182
3178,3196
3192,3210
3206,3224
3220,3238
3234,3252
3248,3266
3262,3280
3276,3294
3290,3308
3304,3322
3318,3336
3332,3350
3346,3364
3360,3378
3374,3392
0,22
16,38
32,54
48,70
64,86
80,102
96,118
112,134
128,150
144,166
160,182
176,198
192,214
208,230
224,246
240,262
256,278
272,294
288,310
304,326
320,342
336,358
352,374
368,390
384,406
400,422
416,438
432,454
448,470
464,486
480,502
496,518
512,534
528,550
544,566
560,582
576,598
592,614
608,630
624,646
640,662
656,678
672,694
688,710
704,726
720,742
736,758
752,774
768,790
784,806
800,822
816,838
832,854
848,870
864,886
880,902
896,918
912,934
928,950
944,966
960,982
976,998
992,1014
1008,1030
1024,1046
1040,1062
1056,1078
1072,1094
1088,1110
1104,1126
1120,1142
1136,1158
1152,1174
1168,1190
1184,1206
1200,1222
1216,1238
1232,1254
1248,1270
1264,1286
1280,1302
1296,1318
1312,1334
1328,1350
1344,1366
1360,1382
1376,1398
1392,1414
1408,1430
1424,1446
1440,1462
1456,1478
1472,1494
1488,1510
1504,1526
1520,1542
1536,1558
1552,1574
1568,1590
1584,1606
1600,1622
1616,1638
1632,1654
1648,1670
1664,1686
1680,1702
1696,1718
1712,1734
1728,1750
1744,1766
1760,1782
1776,1798
1792,1814
1808,1830
1824,1846
1840,1862
1856,1878
1872,1894
1888,1910
1904,1926
1920,1942
1936,1958
1952,1974
1968,1990
1984,2006
2000,2022
2016,2038
2032,2054
2048,2070
2064,2086
2080,2102
2096,2118
2112,2134
2128,2150
2144,2166
2160,2182
2176,2198
2192,2214
2208,2230
2224,2246
2240,2262
2256,2278
2272,2294
2288,2310
2304,2326
2320,2342
2336,2358
2352,2374
2368,2390
2384,2406
2400,2422
2416,2438
2432,2454
2448,2470
2464,2486
2480,2502
2496,2518
2512,2534
2528,2550
2544,2566
2560,2582
2576,2598
2592,2614
2608,2630
2624,2646
2640,2662
2656,2678
2672,2694
2688,2710
2704,2726
2720,2742
2736,2758
2752,2774
2768,2790
2784,2806
2800,2822
2816,2838
2832,2854
2848,2870
2864,2886
2880,2902
2896,2918
2912,2934
2928,2950
2944,2966
2960,2982
2976,2998
2992,3014
3008,3030
3024,3046
3040,3062
3056,3078
3072,3094
3088,3110
3104,3126
3120,3142
3136,3158
3152,3174
3168,3190
3184,3206
3200,3222
3216,3238
3232,3254
3248,3270
3264,3286
3280,3302
3296,3318
3312,3334
3328,3350
3344,3366
3360,3382
3376,3398
0,26
20,46
40,66
60,86
80,106
100,126
120,146
140,166
160,186
180,206
200,226
220,246
240,266
260,286
280,306
300,326
320,346
340,366
360,386
380,406
400,426
420,446
440,466
460,486
480,506
500,526
520,546
540,566
560,586
580,606
600,626
620,646
640,666
660,686
680,706
700,726
720,746
740,766
760,786
780,806
800,826
820,846
840,866
860,886
880,906
900,926
920,946
940,966
960,986
980,1006
1000,1026
1020,1046
1040,1066
1060,1086
1080,1106
1100,1126
1120,1146
1140,1166
1160,1186
1180,1206
1200,1226
1220,1246
1240,1266
1260,1286
1280,1306
1300,1326
1320,1346
1340,1366
1360,1386
1380,1406
1400,1426
1420,1446
1440,1466
1460,1486
1480,1506
1500,1526
1520,1546
1540,1566
1560,1586
1580,1606
1600,1626
1620,1646
1640,1666
1660,1686
1680,1706
1700,1726
1720,1746
1740,1766
1760,1786
1780,1806
1800,1826
1820,1846
1840,1866
1860,1886
1880,1906
1900,1926
1920,1946
1940,1966
1960,1986
1980,2006
2000,2026
2020,2046
2040,2066
2060,2086
2080,2106
2100,2126
2120,2146
2140,2166
2160,2186
2180,2206
2200,2226
2220,2246
2240,2266
2260,2286
2280,2306
2300,2326
2320,2346
2340,2366
2360,2386
2380,2406
2400,2426
2420,2446
2440,2466
2460,2486
2480,2506
2500,2526
2520,2546
2540,2566
2560,2586
2580,2606
2600,2626
2620,2646
2640,2666
2660,2686
2680,2706
2700,2726
2720,2746
2740,2766
2760,2786
2780,2806
2800,2826
2820,2846
2840,2866
2860,2886
2880,2906
2900,2926
2920,2946
2940,2966
2960,2986
2980,3006
3000,3026
3020,3046
3040,3066
3060,3086
3080,3106
3100,3126
3120,3146
3140,3166
3160,3186
3180,3206
3200,3226
3220,3246
3240,3266
3260,3286
3280,3306
3300,3326
3320,3346
3340,3366
3360,3386
4,22
18,36
32,50
46,64
60,78
74,92
88,106
102,120
116,134
130,148
144,162
158,176
172,190
186,204
200,218
214,232
228,246
242,260
256,274
270,288
284,302
298,316
312,330
326,344
340,358
354,372
368,386
382,400
396,414
410,428
424,442
438,456
452,470
466,484
480,498
494,512
508,526
522,540
536,554
550,568
564,582
578,596
592,610
606,624
620,638
634,652
648,666
662,680
676,694
690,708
704,722
718,736
732,750
746,764
760,778
774,792
788,806
802,820
816,834
830,848
844,862
858,876
872,890
886,904
900,918
914,932
928,946
942,960
956,974
970,988
984,1002
998,1016
1012,1030
1026,1044
1040,1058
1054,1072
1068,1086
1082,1100
1096,1114
1110,1128
1124,1142
1138,1156
1152,1170
1166,1184
1180,1198
1194,1212
1208,1226
1222,1240
1236,1254
1250,1268
1264,1282
1278,1296
1292,1310
1306,1324
1320,1338
1334,1352
1348,1366
1362,1380
1376,1394
1390,1408
1404,1422
1418,1436
1432,1450
1446,1464
1460,1478
1474,1492
1488,1506
1502,1520
1516,1534
1530,1548
1544,1562
1558,1576
1572,1590
1586,1604
1600,1618
1614,1632
1628,1646
1642,1660
1656,1674
1670,1688
1684,1702
1698,1716
1712,1730
1726,1744
1740,1758
1754,1772
1768,1786
1782,1800
1796,1814
1810,1828
1824,1842
1838,1856
1852,1870
1866,1884
1880,1898
1894,1912
1908,1926
1922,1940
1936,1954
1950,1968
1964,1982
1978,1996
1992,2010
2006,2024
2020,2038
2034,2052
2048,2066
2062,2080
2076,2094
2090,2108
2104,2122
2118,2136
2132,2150
2146,2164
2160,2178
2174,2192
2188,2206
2202,2220
2216,2234
2230,2248
2244,2262
2258,2276
2272,2290
2286,2304
2300,2318
2314,2332
2328,2346
2342,2360
2356,2374
2370,2388
2384,2402
2398,2416
2412,2430
2426,2444
2440,2458
2454,2472
2468,2486
2482,2500
2496,2514
2510,2528
2524,2542
2538,2556
2552,2570
2566,2584
2580,2598
2594,2612
2608,2626
2622,2640
2636,2654
2650,2668
2664,2682
2678,2696
2692,2710
2706,2724
2720,2738
2734,2752
2748,2766
2762,2780
2776,2794
2790,2808
2804,2822
2818,2836
2832,2850
2846,2864
2860,2878
2874,2892
2888,2906
2902,2920
2916,2934
2930,2948
2944,2962
2958,2976
2972,2990
2986,3004
3000,3018
3014,3032
3028,3046
3042,3060
3056,3074
3070,3088
3084,3102
3098,3116
3112,3130
3126,3144
3140,3158
3154,3172
3168,3186
3182,3200
3196,3214
3210,3228
3224,3242
3238,3256
3252,3270
3266,3284
3280,3298
3294,3312
3308,3326
3322,3340
3336,3354
3350,3368
3364,3382
3378,3396
4,26
20,42
36,58
52,74
68,90
84,106
100,122
116,138
132,154
148,170
164,186
180,202
196,218
212,234
228,250
244,266
260,282
276,298
292,314
308,330
324,346
340,362
356,378
372,394
388,410
404,426
420,442
436,458
452,474
468,490
484,506
500,522
516,538
532,554
548,570
564,586
580,602
596,618
612,634
628,650
644,666
660,682
676,698
692,714
708,730
724,746
740,762
756,778
772,794
788,810
804,826
820,842
836,858
852,874
868,890
884,906
900,922
916,938
932,954
948,970
964,986
980,1002
996,1018
1012,1034
1028,1050
1044,1066
1060,1082
1076,1098
1092,1114
1108,1130
1124,1146
1140,1162
1156,1178
1172,1194
1188,1210
1204,1226
1220,1242
1236,1258
1252,1274
1268,1290
1284,1306
1300,1322
1316,1338
1332,1354
1348,1370
1364,1386
1380,1402
1396,1418
1412,1434
1428,1450
1444,1466
1460,1482
1476,1498
1492,1514
1508,1530
1524,1546
1540,1562
1556,1578
1572,1594
1588,1610
1604,1626
1620,1642
1636,1658
1652,1674
1668,1690
1684,1706
1700,1722
1716,1738
1732,1754
1748,1770
1764,1786
1780,1802
1796,1818
1812,1834
1828,1850
1844,1866
1860,1882
1876,1898
1892,1914
1908,1930
1924,1946
1940,1962
1956,1978
1972,1994
1988,2010
2004,2026
2020,2042
2036,2058
2052,2074
2068,2090
2084,2106
2100,2122
2116,2138
2132,2154
2148,2170
2164,2186
2180,2202
2196,2218
2212,2234
2228,2250
2244,2266
2260,2282
2276,2298
2292,2314
2308,2330
2324,2346
2340,2362
2356,2378
2372,2394
2388,2410
2404,2426
2420,2442
2436,2458
2452,2474
2468,2490
2484,2506
2500,2522
2516,2538
2532,2554
2548,2570
2564,2586
2580,2602
2596,2618
2612,2634
2628,2650
2644,2666
2660,2682
2676,2698
2692,2714
2708,2730
2724,2746
2740,2762
2756,2778
2772,2794
2788,2810
2804,2826
2820,2842
2836,2858
2852,2874
2868,2890
2884,2906
2900,2922
2916,2938
2932,2954
2948,2970
2964,2986
2980,3002
2996,3018
3012,3034
3028,3050
3044,3066
3060,3082
3076,3098
3092,3114
3108,3130
3124,3146
3140,3162
3156,3178
3172,3194
3188,3210
3204,3226
3220,3242
3236,3258
3252,3274
3268,3290
3284,3306
3300,3322
3316,3338
3332,3354
3348,3370
3364,3386
4,30
24,50
44,70
64,90
84,110
104,130
124,150
144,170
164,190
184,210
204,230
224,250
244,270
264,290
284,310
304,330
324,350
344,370
364,390
384,410
404,430
424,450
444,470
464,490
484,510
504,530
524,550
544,570
564,590
584,610
604,630
624,650
644,670
664,690
684,710
704,730
724,750
744,770
764,790
784,810
804,830
824,850
844,870
864,890
884,910
904,930
924,950
944,970
964,990
984,1010
1004,1030
1024,1050
1044,1070
1064,1090
1084,1110
1104,1130
1124,1150
1144,1170
1164,1190
1184,1210
1204,1230
1224,1250
1244,1270
1264,1290
1284,1310
1304,1330
1324,1350
1344,1370
1364,1390
1384,1410
1404,1430
1424,1450
1444,1470
1464,1490
1484,1510
1504,1530
1524,1550
1544,1570
1564,1590
1584,1610
1604,1630
1624,1650
1644,1670
1664,1690
1684,1710
1704,1730
1724,1750
1744,1770
1764,1790
1784,1810
1804,1830
1824,1850
1844,1870
1864,1890
1884,1910
1904,1930
1924,1950
1944,1970
1964,1990
1984,2010
2004,2030
2024,2050
2044,2070
2064,2090
2084,2110
2104,2130
2124,2150
2144,2170
2164,2190
2184,2210
2204,2230
2224,2250
2244,2270
2264,2290
2284,2310
2304,2330
2324,2350
2344,2370
2364,2390
2384,2410
2404,2430
2424,2450
2444,2470
2464,2490
2484,2510
2504,2530
2524,2550
2544,2570
2564,2590
2584,2610
2604,2630
2624,2650
2644,2670
2664,2690
2684,2710
2704,2730
2724,2750
2744,2770
2764,2790
2784,2810
2804,2830
2824,2850
2844,2870
2864,2890
2884,2910
2904,2930
2924,2950
2944,2970
2964,2990
2984,3010
3004,3030
3024,3050
3044,3070
3064,3090
3084,3110
3104,3130
3124,3150
3144,3170
3164,3190
3184,3210
3204,3230
3224,3250
3244,3270
3264,3290
3284,3310
3304,3330
3324,3350
3344,3370
3364,3390
8,26
22,40
36,54
50,68
64,82
78,96
92,110
106,124
120,138
134,152
148,166
162,180
176,194
190,208
204,222
218,236
232,250
246,264
260,278
274,292
288,306
302,320
316,334
330,348
344,362
358,376
372,390
386,404
400,418
414,432
428,446
442,460
456,474
470,488
484,502
498,516
512,530
526,544
540,558
554,572
568,586
582,600
596,614
610,628
624,642
638,656
652,670
666,684
680,698
694,712
708,726
722,740
736,754
750,768
764,782
778,796
792,810
806,824
820,838
834,852
848,866
862,880
876,894
890,908
904,922
918,936
932,950
946,964
960,978
974,992
988,1006
1002,1020
1016,1034
1030,1048
1044,1062
1058,1076
1072,1090
1086,1104
1100,1118
1114,1132
1128,1146
1142,1160
1156,1174
1170,1188
1184,1202
1198,1216
1212,1230
1226,1244
1240,1258
1254,1272
1268,1286
1282,1300
1296,1314
1310,1328
1324,1342
1338,1356
1352,1370
1366,1384
1380,1398
1394,1412
1408,1426
1422,1440
1436,1454
1450,1468
1464,1482
1478,1496
1492,1510
1506,1524
1520,1538
1534,1552
1548,1566
1562,1580
1576,1594
1590,1608
1604,1622
1618,1636
1632,1650
1646,1664
1660,1678
1674,1692
1688,1706
1702,1720
1716,1734
1730,1748
1744,1762
1758,1776
1772,1790
1786,1804
1800,1818
1814,1832
1828,1846
1842,1860
1856,1874
1870,1888
1884,1902
1898,1916
1912,1930
1926,1944
1940,1958
1954,1972
1968,1986
1982,2000
1996,2014
2010,2028
2024,2042
2038,2056
2052,2070
2066,2084
2080,2098
2094,2112
2108,2126
2122,2140
2136,2154
2150,2168
2164,2182
2178,2196
2192,2210
2206,2224
2220,2238
2234,2252
2248,2266
2262,2280
2276,2294
2290,2308
2304,2322
2318,2336
2332,2350
2346,2364
2360,2378
2374,2392
2388,2406
2402,2420
2416,2434
2430,2448
2444,2462
2458,2476
2472,2490
2486,2504
2500,2518
2514,2532
2528,2546
2542,2560
2556,2574
2570,2588
2584,2602
2598,2616
2612,2630
2626,2644
2640,2658
2654,2672
2668,2686
2682,2700
2696,2714
2710,2728
2724,2742
2738,2756
2752,2770
2766,2784
2780,2798
2794,2812
2808,2826
2822,2840
2836,2854
2850,2868
2864,2882
2878,2896
2892,2910
2906,2924
2920,2938
2934,2952
2948,2966
2962,2980
2976,2994
2990,3008
3004,3022
3018,3036
3032,3050
3046,3064
3060,3078
3074,3092
3088,3106
3102,3120
3116,3134
3130,3148
3144,3162
3158,3176
3172,3190
3186,3204
3200,3218
3214,3232
3228,3246
3242,3260
3256,3274
3270,3288
3284,3302
3298,3316
3312,3330
3326,3344
3340,3358
3354,3372
3368,3386
8,30
24,46
40,62
56,78
72,94
88,110
104,126
120,142
136,158
152,174
168,190
184,206
200,222
216,238
232,254
248,270
264,286
280,302
296,318
312,334
328,350
344,366
360,382
376,398
392,414
408,430
424,446
440,462
456,478
472,494
488,510
504,526
520,542
536,558
552,574
568,590
584,606
600,622
616,638
632,654
648,670
664,686
680,702
696,718
712,734
728,750
744,766
760,782
776,798
792,814
808,830
824,846
840,862
856,878
872,894
888,910
904,926
920,942
936,958
952,974
968,990
984,1006
1000,1022
1016,1038
1032,1054
1048,1070
1064,1086
1080,1102
1096,1118
1112,1134
1128,1150
1144,1166
1160,1182
1176,1198
1192,1214
1208,1230
1224,1246
1240,1262
1256,1278
1272,1294
1288,1310
1304,1326
1320,1342
1336,1358
1352,1374
1368,1390
1384,1406
1400,1422
1416,1438
1432,1454
1448,1470
1464,1486
1480,1502
1496,1518
1512,1534
1528,1550
1544,1566
1560,1582
1576,1598
1592,1614
1608,1630
1624,1646
1640,1662
1656,1678
1672,1694
1688,1710
1704,1726
1720,1742
1736,1758
1752,1774
1768,1790
1784,1806
1800,1822
1816,1838
1832,1854
1848,1870
1864,1886
1880,1902
1896,1918
1912,1934
1928,1950
1944,1966
1960,1982
1976,1998
1992,2014
2008,2030
2024,2046
2040,2062
2056,2078
2072,2094
2088,2110
2104,2126
2120,2142
2136,2158
2152,2174
2168,2190
2184,2206
2200,2222
2216,2238
2232,2254
2248,2270
2264,2286
2280,2302
2296,2318
2312,2334
2328,2350
2344,2366
2360,2382
2376,2398
2392,2414
2408,2430
2424,2446
2440,2462
2456,2478
2472,2494
2488,2510
2504,2526
2520,2542
2536,2558
2552,2574
2568,2590
2584,2606
2600,2622
2616,2638
2632,2654
2648,2670
2664,2686
2680,2702
2696,2718
2712,2734
2728,2750
2744,2766
2760,2782
2776,2798
2792,2814
2808,2830
2824,2846
2840,2862
2856,2878
2872,2894
2888,2910
2904,2926
2920,2942
2936,2958
2952,2974
2968,2990
2984,3006
3000,3022
3016,3038
3032,3054
3048,3070
3064,3086
3080,3102
3096,3118
3112,3134
3128,3150
3144,3166
3160,3182
3176,3198
3192,3214
3208,3230
3224,3246
3240,3262
3256,3278
3272,3294
3288,3310
3304,3326
3320,3342
3336,3358
3352,3374
3368,3390
8,34
28,54
48,74
68,94
88,114
108,134
128,154
148,174
168,194
188,214
208,234
228,254
248,274
268,294
288,314
308,334
328,354
348,374
368,394
388,414
408,434
428,454
448,474
468,494
488,514
508,534
528,554
548,574
568,594
588,614
608,634
628,654
648,674
668,694
688,714
708,734
728,754
748,774
768,794
788,814
808,834
828,854
848,874
868,894
888,914
908,934
928,954
948,974
968,994
988,1014
1008,1034
1028,1054
1048,1074
1068,1094
1088,1114
1108,1134
1128,1154
1148,1174
1168,1194
1188,1214
1208,1234
1228,1254
1248,1274
1268,1294
1288,1314
1308,1334
1328,1354
1348,1374
1368,1394
1388,1414
1408,1434
1428,1454
1448,1474
1468,1494
1488,1514
1508,1534
1528,1554
1548,1574
1568,1594
1588,1614
1608,1634
1628,1654
1648,1674
1668,1694
1688,1714
1708,1734
1728,1754
1748,1774
1768,1794
1788,1814
1808,1834
1828,1854
1848,1874
1868,1894
1888,1914
1908,1934
1928,1954
1948,1974
1968,1994
1988,2014
2008,2034
2028,2054
2048,2074
2068,2094
2088,2114
2108,2134
2128,2154
2148,2174
2168,2194
2188,2214
2208,2234
2228,2254
2248,2274
2268,2294
2288,2314
2308,2334
2328,2354
2348,2374
2368,2394
2388,2414
2408,2434
2428,2454
2448,2474
2468,2494
2488,2514
2508,2534
2528,2554
2548,2574
2568,2594
2588,2614
2608,2634
2628,2654
2648,2674
2668,2694
2688,2714
2708,2734
2728,2754
2748,2774
2768,2794
2788,2814
2808,2834
2828,2854
2848,2874
2868,2894
2888,2914
2908,2934
2928,2954
2948,2974
2968,2994
2988,3014
3008,3034
3028,3054
3048,3074
3068,3094
3088,3114
3108,3134
3128,3154
3148,3174
3168,3194
3188,3214
3208,3234
3228,3254
3248,3274
3268,3294
3288,3314
3308,3334
3328,3354
3348,3374
3368,3394
12,30
26,44
40,58
54,72
68,86
82,100
96,114
110,128
124,142
138,156
152,170
166,184
180,198
194,212
208,226
222,240
236,254
250,268
264,282
278,296
292,310
306,324
320,338
334,352
348,366
362,380
376,394
390,408
404,422
418,436
432,450
446,464
460,478
474,492
488,506
502,520
516,534
530,548
544,562
558,576
572,590
586,604
600,618
614,632
628,646
642,660
656,674
670,688
684,702
698,716
712,730
726,744
740,758
754,772
768,786
782,800
796,814
810,828
824,842
838,856
852,870
866,884
880,898
894,912
908,926
922,940
936,954
950,968
964,982
978,996
992,1010
1006,1024
1020,1038
1034,1052
1048,1066
1062,1080
1076,1094
1090,1108
1104,1122
1118,1136
1132,1150
1146,1164
1160,1178
1174,1192
1188,1206
1202,1220
1216,1234
1230,1248
1244,1262
1258,1276
1272,1290
1286,1304
1300,1318
1314,1332
1328,1346
1342,1360
1356,1374
1370,1388
1384,1402
1398,1416
1412,1430
1426,1444
1440,1458
1454,1472
1468,1486
1482,1500
1496,1514
1510,1528
1524,1542
1538,1556
1552,1570
1566,1584
1580,1598
1594,1612
1608,1626
1622,1640
1636,1654
1650,1668
1664,1682
1678,1696
1692,1710
1706,1724
1720,1738
1734,1752
1748,1766
1762,1780
1776,1794
1790,1808
1804,1822
1818,1836
1832,1850
1846,1864
1860,1878
1874,1892
1888,1906
1902,1920
1916,1934
1930,1948
1944,1962
1958,1976
1972,1990
1986,2004
2000,2018
2014,2032
2028,2046
2042,2060
2056,2074
2070,2088
2084,2102
2098,2116
2112,2130
2126,2144
2140,2158
2154,2172
2168,2186
2182,2200
2196,2214
2210,2228
2224,2242
2238,2256
2252,2270
2266,2284
2280,2298
2294,2312
2308,2326
2322,2340
2336,2354
2350,2368
2364,2382
2378,2396
2392,2410
2406,2424
2420,2438
2434,2452
2448,2466
2462,2480
2476,2494
2490,2508
2504,2522
2518,2536
2532,2550
2546,2564
2560,2578
2574,2592
2588,2606
2602,2620
2616,2634
2630,2648
2644,2662
2658,2676
2672,2690
2686,2704
2700,2718
2714,2732
2728,2746
2742,2760
2756,2774
2770,2788
2784,2802
2798,2816
2812,2830
2826,2844
2840,2858
2854,2872
2868,2886
2882,2900
2896,2914
2910,2928
2924,2942
2938,2956
2952,2970
2966,2984
2980,2998
2994,3012
3008,3026
3022,3040
3036,3054
3050,3068
3064,3082
3078,3096
3092,3110
3106,3124
3120,3138
3134,3152
3148,3166
3162,3180
3176,3194
3190,3208
3204,3222
3218,3236
3232,3250
3246,3264
3260,3278
3274,3292
3288,3306
3302,3320
3316,3334
3330,3348
3344,3362
3358,3376
3372,3390
12,34
28,50
44,66
60,82
76,98
92,114
108,130
124,146
140,162
156,178
172,194
188,210
204,226
220,242
236,258
252,274
268,290
284,306
300,322
316,338
332,354
348,370
364,386
380,402
396,418
412,434
428,450
444,466
460,482
476,498
492,514
508,530
524,546
540,562
556,578
572,594
588,610
604,626
620,642
636,658
652,674
668,690
684,706
700,722
716,738
732,754
748,770
764,786
780,802
796,818
812,834
828,850
844,866
860,882
876,898
892,914
908,930
924,946
940,962
956,978
972,994
988,1010
1004,1026
1020,1042
1036,1058
1052,1074
1068,1090
1084,1106
1100,1122
1116,1138
1132,1154
1148,1170
1164,1186
1180,1202
1196,1218
1212,1234
1228,1250
1244,1266
1260,1282
1276,1298
1292,1314
1308,1330
1324,1346
1340,1362
1356,1378
1372,1394
1388,1410
1404,1426
1420,1442
1436,1458
1452,1474
1468,1490
1484,1506
1500,1522
1516,1538
1532,1554
1548,1570
1564,1586
1580,1602
1596,1618
1612,1634
1628,1650
1644,1666
1660,1682
1676,1698
1692,1714
1708,1730
1724,1746
1740,1762
1756,1778
1772,1794
1788,1810
1804,1826
1820,1842
1836,1858
1852,1874
1868,1890
1884,1906
1900,1922
1916,1938
1932,1954
1948,1970
1964,1986
1980,2002
1996,2018
2012,2034
2028,2050
2044,2066
2060,2082
2076,2098
2092,2114
2108,2130
2124,2146
2140,2162
2156,2178
2172,2194
2188,2210
2204,2226
2220,2242
2236,2258
2252,2274
2268,2290
2284,2306
2300,2322
2316,2338
2332,2354
2348,2370
2364,2386
2380,2402
2396,2418
2412,2434
2428,2450
2444,2466
2460,2482
2476,2498
2492,2514
2508,2530
2524,2546
2540,2562
2556,2578
2572,2594
2588,2610
2604,2626
2620,2642
2636,2658
2652,2674
2668,2690
2684,2706
2700,2722
2716,2738
2732,2754
2748,2770
2764,2786
2780,2802
2796,2818
2812,2834
2828,2850
2844,2866
2860,2882
2876,2898
2892,2914
2908,2930
2924,2946
2940,2962
2956,2978
2972,2994
2988,3010
3004,3026
3020,3042
3036,3058
3052,3074
3068,3090
3084,3106
3100,3122
3116,3138
3132,3154
3148,3170
3164,3186
3180,3202
3196,3218
3212,3234
3228,3250
3244,3266
3260,3282
3276,3298
3292,3314
3308,3330
3324,3346
3340,3362
3356,3378
3372,3394
12,38
32,58
52,78
72,98
92,118
112,138
132,158
152,178
172,198
192,218
212,238
232,258
252,278
272,298
292,318
312,338
332,358
352,378
372,398
392,418
412,438
432,458
452,478
472,498
492,518
512,538
532,558
552,578
572,598
592,618
612,638
632,658
652,678
672,698
692,718
712,738
732,758
752,778
772,798
792,818
812,838
832,858
852,878
872,898
892,918
912,938
932,958
952,978
972,998
992,1018
1012,1038
1032,1058
1052,1078
1072,1098
1092,1118
1112,1138
1132,1158
1152,1178
1172,1198
1192,1218
1212,1238
1232,1258
1252,1278
1272,1298
1292,1318
1312,1338
1332,1358
1352,1378
1372,1398
1392,1418
1412,1438
1432,1458
1452,1478
1472,1498
1492,1518
1512,1538
1532,1558
1552,1578
1572,1598
1592,1618
1612,1638
1632,1658
1652,1678
1672,1698
1692,1718
1712,1738
1732,1758
1752,1778
1772,1798
1792,1818
1812,1838
1832,1858
1852,1878
1872,1898
1892,1918
1912,1938
1932,1958
1952,1978
1972,1998
1992,2018
2012,2038
2032,2058
2052,2078
2072,2098
2092,2118
2112,2138
2132,2158
2152,2178
2172,2198
2192,2218
2212,2238
2232,2258
2252,2278
2272,2298
2292,2318
2312,2338
2332,2358
2352,2378
2372,2398
2392,2418
2412,2438
2432,2458
2452,2478
2472,2498
2492,2518
2512,2538
2532,2558
2552,2578
2572,2598
2592,2618
2612,2638
2632,2658
2652,2678
2672,2698
2692,2718
2712,2738
2732,2758
2752,2778
2772,2798
2792,2818
2812,2838
2832,2858
2852,2878
2872,2898
2892,2918
2912,2938
2932,2958
2952,2978
2972,2998
2992,3018
3012,3038
3032,3058
3052,3078
3072,3098
3092,3118
3112,3138
3132,3158
3152,3178
3172,3198
3192,3218
3212,3238
3232,3258
3252,3278
3272,3298
3292,3318
3312,3338
3332,3358
3352,3378
3372,3398
16,34
30,48
44,62
58,76
72,90
86,104
100,118
114,132
128,146
142,160
156,174
170,188
184,202
198,216
212,230
226,244
240,258
254,272
268,286
282,300
296,314
310,328
324,342
338,356
352,370
366,384
380,398
394,412
408,426
422,440
436,454
450,468
464,482
478,496
492,510
506,524
520,538
534,552
548,566
562,580
576,594
590,608
604,622
618,636
632,650
646,664
660,678
674,692
688,706
702,720
716,734
730,748
744,762
758,776
772,790
786,804
800,818
814,832
828,846
842,860
856,874
870,888
884,902
898,916
912,930
926,944
940,958
954,972
968,986
982,1000
996,1014
1010,1028
1024,1042
1038,1056
1052,1070
1066,1084
1080,1098
1094,1112
1108,1126
1122,1140
1136,1154
1150,1168
1164,1182
1178,1196
1192,1210
1206,1224
1220,1238
1234,1252
1248,1266
1262,1280
1276,1294
1290,1308
1304,1322
1318,1336
1332,1350
1346,1364
1360,1378
1374,1392
1388,1406
1402,1420
1416,1434
1430,1448
1444,1462
1458,1476
1472,1490
1486,1504
1500,1518
1514,1532
1528,1546
1542,1560
1556,1574
1570,1588
1584,1602
1598,1616
1612,1630
1626,1644
1640,1658
1654,1672
1668,1686
1682,1700
1696,1714
1710,1728
1724,1742
1738,1756
1752,1770
1766,1784
1780,1798
1794,1812
1808,1826
1822,1840
1836,1854
1850,1868
1864,1882
1878,1896
1892,1910
1906,1924
1920,1938
1934,1952
1948,1966
1962,1980
1976,1994
1990,2008
2004,2022
2018,2036
2032,2050
2046,2064
2060,2078
2074,2092
2088,2106
2102,2120
2116,2134
2130,2148
2144,2162
2158,2176
2172,2190
2186,2204
2200,2218
2214,2232
2228,2246
2242,2260
2256,2274
2270,2288
2284,2302
2298,2316
2312,2330
2326,2344
2340,2358
2354,2372
2368,2386
2382,2400
2396,2414
2410,2428
2424,2442
2438,2456
2452,2470
2466,2484
2480,2498
2494,2512
2508,2526
2522,2540
2536,2554
2550,2568
2564,2582
2578,2596
2592,2610
2606,2624
2620,2638
2634,2652
2648,2666
2662,2680
2676,2694
2690,2708
2704,2722
2718,2736
2732,2750
2746,2764
2760,2778
2774,2792
2788,2806
2802,2820
2816,2834
2830,2848
2844,2862
2858,2876
2872,2890
2886,2904
2900,2918
2914,2932
2928,2946
2942,2960
2956,2974
2970,2988
2984,3002
2998,3016
3012,3030
3026,3044
3040,3058
3054,3072
3068,3086
3082,3100
3096,3114
3110,3128
3124,3142
3138,3156
3152,3170
3166,3184
3180,3198
3194,3212
3208,3226
3222,3240
3236,3254
3250,3268
3264,3282
3278,3296
3292,3310
3306,3324
3320,3338
3334,3352
3348,3366
3362,3380
3376,3394
16,38
32,54
48,70
64,86
80,102
96,118
112,134
128,150
144,166
160,182
176,198
192,214
208,230
224,246
240,262
256,278
272,294
288,310
304,326
320,342
336,358
352,374
368,390
384,406
400,422
416,438
432,454
448,470
464,486
480,502
496,518
512,534
528,550
544,566
560,582
576,598
592,614
608,630
624,646
640,662
656,678
672,694
688,710
704,726
720,742
736,758
752,774
768,790
784,806
800,822
816,838
832,854
848,870
864,886
880,902
896,918
912,934
928,950
944,966
960,982
976,998
992,1014
1008,1030
1024,1046
1040,1062
1056,1078
1072,1094
1088,1110
1104,1126
1120,1142
1136,1158
1152,1174
1168,1190
1184,1206
1200,1222
1216,1238
1232,1254
1248,1270
1264,1286
1280,1302
1296,1318
1312,1334
1328,1350
1344,1366
1360,1382
1376,1398
1392,1414
1408,1430
1424,1446
1440,1462
1456,1478
1472,1494
1488,1510
1504,1526
1520,1542
1536,1558
1552,1574
1568,1590
1584,1606
1600,1622
1616,1638
1632,1654
1648,1670
1664,1686
1680,1702
1696,1718
1712,1734
1728,1750
1744,1766
1760,1782
1776,1798
1792,1814
1808,1830
1824,1846
1840,1862
1856,1878
1872,1894
1888,1910
1904,1926
1920,1942
1936,1958
1952,1974
1968,1990
1984,2006
2000,2022
2016,2038
2032,2054
2048,2070
2064,2086
2080,2102
2096,2118
2112,2134
2128,2150
2144,2166
2160,2182
2176,2198
2192,2214
2208,2230
2224,2246
2240,2262
2256,2278
2272,2294
2288,2310
2304,2326
2320,2342
2336,2358
2352,2374
2368,2390
2384,2406
2400,2422
2416,2438
2432,2454
2448,2470
2464,2486
2480,2502
2496,2518
2512,2534
2528,2550
2544,2566
2560,2582
2576,2598
2592,2614
2608,2630
2624,2646
2640,2662
2656,2678
2672,2694
2688,2710
2704,2726
2720,2742
2736,2758
2752,2774
2768,2790
2784,2806
2800,2822
2816,2838
2832,2854
2848,2870
2864,2886
2880,2902
2896,2918
2912,2934
2928,2950
2944,2966
2960,2982
2976,2998
2992,3014
3008,3030
3024,3046
3040,3062
3056,3078
3072,3094
3088,3110
3104,3126
3120,3142
3136,3158
3152,3174
3168,3190
3184,3206
3200,3222
3216,3238
3232,3254
3248,3270
3264,3286
3280,3302
3296,3318
3312,3334
3328,3350
3344,3366
3360,3382
3376,3398
16,42
36,62
56,82
76,102
96,122
116,142
136,162
156,182
176,202
196,222
216,242
236,262
256,282
276,302
296,322
316,342
336,362
356,382
376,402
396,422
416,442
436,462
456,482
476,502
496,522
516,542
536,562
556,582
576,602
596,622
616,642
636,662
656,682
676,702
696,722
716,742
736,762
756,782
776,802
796,822
816,842
836,862
856,882
876,902
896,922
916,942
936,962
956,982
976,1002
996,1022
1016,1042
1036,1062
1056,1082
1076,1102
1096,1122
1116,1142
1136,1162
1156,1182
1176,1202
1196,1222
1216,1242
1236,1262
1256,1282
1276,1302
1296,1322
1316,1342
1336,1362
1356,1382
1376,1402
1396,1422
1416,1442
1436,1462
1456,1482
1476,1502
1496,1522
1516,1542
1536,1562
1556,1582
1576,1602
1596,1622
1616,1642
1636,1662
1656,1682
1676,1702
1696,1722
1716,1742
1736,1762
1756,1782
1776,1802
1796,1822
1816,1842
1836,1862
1856,1882
1876,1902
1896,1922
1916,1942
1936,1962
1956,1982
1976,2002
1996,2022
2016,2042
2036,2062
2056,2082
2076,2102
2096,2122
2116,2142
2136,2162
2156,2182
2176,2202
2196,2222
2216,2242
2236,2262
2256,2282
2276,2302
2296,2322
2316,2342
2336,2362
2356,2382
2376,2402
2396,2422
2416,2442
2436,2462
2456,2482
2476,2502
2496,2522
2516,2542
2536,2562
2556,2582
2576,2602
2596,2622
2616,2642
2636,2662
2656,2682
2676,2702
2696,2722
2716,2742
2736,2762
2756,2782
2776,2802
2796,2822
2816,2842
2836,2862
2856,2882
2876,2902
2896,2922
2916,2942
2936,2962
2956,2982
2976,3002
2996,3022
3016,3042
3036,3062
3056,3082
3076,3102
3096,3122
3116,3142
3136,3162
3156,3182
3176,3202
3196,3222
3216,3242
3236,3262
3256,3282
3276,3302
3296,3322
3316,3342
3336,3362
3356,3382
7
2162,139,0,1,2,3,5,6,7,8,9,10,11,12,13,15,16,26,27,28,29,30,31,32,33,34,35,36,37,38,39,40,41,42,43,44,46,47,48,49,50,51,52,53,54,55,56,57,60,61,62,63,64,65,66,67,68,69,70,73,74,75,76,77,78,80,81,82,83,84,85,92,95,111,112,117,119,121,122,125,127,128,129,130,131,132,133,134,135,136,137,138,140,141,142,144,145,146,147,148,149,150,151,152,153,154,155,156,158,162,163,164,165,166,168,169,170,171,172,175,176,177,178,179,181,182,183,186,187,188,212,213,214,215,220,221,228,230,231,681,694,709,713,725,796,819,823,830,839,848,864,1048,1332,1342,1360,1435,1439,1969,2025,2050,2063,758,4,14,79,97,104,167,180,825,1367,1404,1418,1454,752,160,173,174,185,198,832,1441,58,126,197,2576,1396,225,842,1316,1363,90,161,191,728,868,2719,124,210,846,638,293,639,1468,2060,2669,1246,1399,245,2488,756,779,878,1245,71,120,159,234,740,853,1470,1251,1257,195,1258,1260,1374,623,1459,105,453,856,1705,1866,2117,2501,2614,1256,624,631,789,1442,865,866,872,1496,1879,1499,635,978,1428,1867,1877,1880,1881,1995,243,2328,2487,751,683,745,2493,2498,1253,2615,2635,805,2591,2728,634,1892,196,1891,1994,762,715,2720,2020,807,2108,2116,772,718,1487,242,1252,2494,2497,625,630,2502,96,223,1874,1876,2619,875,2638,2652,708,252,1486,1493,255,1993,393,1373,679,1378,2107,354,2621,2113,1872,1873,2120,1076,2740,2839,1077,2949,1391,1394,1447,1084,665,790,837,249,98,1999,282,1303,2012,455,2625,2633,2029,1697,462,1707,2734,1000,770,813,2318,1380,226,769,2235,1381,2623,857,1296,1495,454,1602,2639,1301,102,103,184,219,232,1890,775,2112,871,1903,2513,2939,2549,777,2632,355,2002,2017,977,2700,2323,2325,760,2620,2840,1702,1875,1248,2085,1614,1169,1408,2079,1290,2080,248,1904,647,1406,2733,1908,1932,795,1388,993,2223,650,1997,2322,2039,776,2640,378,2555,693,686,674,1616,1475,1673,1425,1273,157,2000,667,1911,1492,678,1081,651,757,1414,1429,1372,749,2624,118,1289,2014,2542,246,669,377,2219,820,2228,972,3041,809,1598,1398,2237,459,2004,2005,1287,2541,1392,2855,2015,2943,2550,370,1996,2650,2649,1280,2495,2018,701,983,2764,405,279,2844,629,628,359,2407,1935,106,189,302,734,2218,2114,759,1255,1282,781,1405,2031,1934,1787,2034,1427,460,3028,1382,914,797,1412,2641,1293,427,2226,998,654,2019,766,2003,1397,2010,799,1331,1419,2616,1698,741,1409,774,999,2729,373,1790,1870,376,244,2420,787,786,1384,1271,2847,627,362,2858,2861,1509,783,1305,1166,632,673,1247,2524,1984,1894,703,1461,2056,773,1348,1998,2856,1295,1403,661,371,692,2053,1375,2043,457,1052,2239,1314,1605,2760,1283,1401,2662,982,544,1914,275,689,690,1899,2553,2552,2564,2036,1629,1274,557,256,1306,414,2537,1379,2536,2741,2845,2611,1921,562,2735,1010,744,1927,1895,267,1458,202,2622,761,360,1801,2637,207,2001,1603,2496,2220,2241,537,778,1599,1272,273,1330,1445,1992,656,200,1311,1546,2554,792,1297,1376,1320,1383,2130,803,2408,1621,375,1478,1942,2603,2672,2656,1008,2514,652,2860,2519,793,806,86,1451,836,604,1254,1324,687,1082,1386,1385,1300,2044,1422,985,1321,1269,2692,1928,1340,920,2512,343,710,925,1619,1786,2521,1456,2525,2551,2240,1878,834,1620,995,2424,732,2528,1941,2529,216,233,241,664,707,2013,1389,802,1920,1618,1476,2546,1703,1417,753,364,2569,2040,2086,2699,2422,788,2411,465,2617,873,1432,2738,874,253,1929,649,2657,323,843,2566,2567,2115,655,3088,2227,1193,1249,658,670,2709,1804,1410,1411,2607,2250,2294,913,662,2534,980,3034,2011,2326,1313,2597,1402,1939,633,898,1940,2077,782,1183,1607,1184,1901,1989,1799,2613,1943,309,1948,671,2776,1946,1947,706,203,2631,419,2535,2644,902,2412,291,1491,1945,1013,1308,276,2517,2518,750,224,2643,2870,1292,2651,2761,2234,2783,931,298,385,1604,2527,2089,1423,2347,1915,2752,2914,1893,429,984,1519,2492,2413,2618,1323,1250,1905,1600,2526,2140,1277,780,2096,2678,981,2075,281,2871,1544,916,1284,1990,2006,1794,386,1278,3046,1400,1390,767,1286,1335,349,3032,550,2045,888,3053,1971,2007,143,1328,1327,1898,406,1325,109,2533,1371,1976,1977,764,2225,1791,1377,1606,1902,1949,937,1337,1988,2224,2751,1494,1050,1173,116,560,2627,2027,1523,1913,2131,268,2539,675,266,2714,2655,1318,2957,1916,785,850,979,2665,2530,2016,768,286,2035,702,2756,348,1938,676,321,1950,461,2771,1723,1395,271,363,2425,2093,2848,672,2556,1424,1597,2150,1182,2009,2046,548,2510,986,1309,2324,933,720,994,1701,211,810,1180,1631,1803,1601,2658,1415,705,1294,1704,561,1617,1299,1421,2111,435,2785,688,300,1792,996,997,1172,801,1179,400,1985,545,2432,2782,1124,3043,755,2688,297,387,815,2570,1897,361,2872,2846,2436,1472,2568,2674,684,1541,691,2562,660,754,1464,2891,21,1528,923,308,890,2841,1642,1672,748,899,1918,3029,1534,2515,3045,1307,2132,2876,763,1635,2257,2293,2736,1356,88,1355,1907,2581,483,24,2630,1535,25,441,1329,391,251,1554,2532,829,3033,473,2758,2548,2716,889,2608,1811,677,303,2242,2788,2750,2414,804,2251,265,2520,1745,2664,2149,935,896,666,390,2491,346,1115,1120,909,2024,123,663,1960,1288,2707,2787,921,2233,2578,1178,1029,1191,1634,353,2221,2838,2137,2167,1393,835,974,1298,1924,2559,1520,2667,1168,2023,45,59,2042,1407,2467,1630,1793,1054,2033,1276,697,784,738,893,794,2775,2668,747,2078,1021,549,2344,2945,1514,901,2706,976,290,2540,2091,2702,2155,2139,1805,1922,657,2409,798,2698,1612,2769,685,284,1926,812,1925,1986,2598,2648,1465,2336,2875,1040,2523,2693,2538,2661,1170,700,551,2165,907,987,1103,2842,3035,190,2135,2356,358,2571,2731,547,2753,894,192,2983,1613,1736,2547,1595,2143,1869,2415,1515,369,2965,2854,1958,1365,800,1281,2255,366,2663,1511,1953,2565,1919,2021,2626,2695,988,1944,2583,2686,1743,1192,2634,1868,1912,481,2673,1095,1981,2628,704,1019,2958,1558,2162,2319,2230,1741,2232,1510,1165,2516,1933,2141,474,536,2062,939,743,570,1171,1930,699,991,2110,2646,2047,1035,2560,1291,1096,1609,312,2187,892,1788,2797,285,2179,2755,3044,270,1559,2561,1917,2148,926,493,1452,1225,2041,1317,315,1099,1207,1556,2647,384,962,2800,1369,2022,2863,2522,2859,1529,2136,2762,374,1426,2610,1724,277,1195,992,2342,2942,559,1362,2082,2968,2178,2878,1789,1588,2557,2262,696,948,314,929,1003,1900,274,2612,1490,254,2175,2263,2833,2154,742,2985,2850,2249,897,339,2245,3030,2666,1167,3054,2961,272,396,372,1522,2222,1064,2881,498,1846,2166,1083,499,2129,1909,313,1555,1931,278,2794,2177,2763,2851,2642,2308,2217,2977,1632,546,908,1343,2773,1650,288,2256,1513,502,398,1611,2883,2890,2683,854,365,2238,698,209,808,1956,2259,489,1181,1569,1715,1896,2364,869,1319,1322,1023,2052,2210,1726,1784,1366,206,351,2563,3057,1716,2636,1530,2885,2588,1527,2254,573,2544,1963,2340,2799,3031,1871,1413,1285,1961,938,488,1431,2654,1102,2320,851,484,1685,2161,2144,1906,1798,1201,906,1533,1624,1110,2912,1987,477,325,2660,425,870,1735,2810,1815,2831,1111,733,2032,2433,2321,2067,2372,2963,2345,579,2351,1009,2857,2711,3027,2416,1583,368,2767,1991,1518,1542,2801,860,316,2038,2717,556,771,2438,1532,543,1641,2176,1014,2048,1615,1364,2253,2180,1058,2026,2028,911,287,1347,1346,1339,817,1800,2246,910,1687,2705,399,2152,1420,2884,227,2490,1640,1279,900,891,2676,726,1224,2964,1910,2362,2061,2972,2426,306,2730,2791,1671,1531,2772,2437,295,555,2780,2781,1645,296,2645,1700,919,2697,2030,1370,1177,2095,1312,2159,2269,1550,2418,1828,2337,653,2252,1302,1132,2357,2037,1732,1957,2203,1190,2499,428,2584,1524,876,2993,2757,1731,2899,2151,2708,2880,2605,2606,680,2419,395,2212,2153,1517,2659,1816,2049,218,2684,2973,2670,1440,1024,2778,2229,1101,444,2051,659,1457,2960,1051,381,1326,1608,2947,2866,2134,2366,2768,1591,1042,512,1719,283,791,844,1540,356,1627,2987,394,1720,2410,2879,1644,2489,2543,2682,2270,2406,2156,1596,1557,2691,811,2798,2940,2160,3036,3040,1135,626,2442,1730,1488,912,2352,1114,3063,2164,3039,1001,1763,2266,2671,1105,1134,482,479,1795,2090,934,2260,1636,3037,1923,2727,2341,918,1699,250,2170,2265,2248,2966,2261,1018,2962,2213,932,1194,480,3047,510,1983,1526,2428,1812,2996,1037,1717,1430,1275,1552,1968,2258,1936,2338,1080,602,1560,357,1539,1315,905,1755,2986,492,1820,1516,1625,2723,2264,1062,2975,2959,2209,415,476,2590,1538,2604,247,1259,380,2145,565,2886,2732,1545,1754,2405,1020,1756,1638,401,2865,3059,971,2273,2147,2653,2754,1066,2189,379,505,269,1006,1753,1813,397,2867,2868,382,1094,2874,2109,927,1626,1566,3049,2882,3016,558,765,507,2395,2373,311,553,280,2836,2163,895,1797,1823,1022,2354,2869,1733,2097,2099,1416,2994,2796,2765,1112,289,1827,1639,2423,2774,2924,2084,478,1474,727,503,2353,439,456,1622,491,501,2215,1489,1594,1508,2054,2592,2247,2982,2173,1005,1551,1802,1109,2376,1785,1858,2920,1310,509,2243,2204,2795,1104,1028,975,475,2171,310,490,585,2299,970,1547,1521,487,603,1592,1817,571,1086,2629,2967,388,1118,2976,2138,2444,2375,2589,541,1098,2374,2701,863,2784,1113,717,2793,1067,434,1016,1821,3023,1967,2142,299,1237,1469,2371,2941,2211,1174,1017,1814,301,1740,2172,430,513,2573,636,2786,2713,1575,2292,2759,1011,1721,2298,532,2974,2196,1122,2915,1127,2864,1643,1962,2361,2926,1004,1937,1433,1512,2421,1078,1025,2236,2681,1159,1026,3050,552,1633,2197,2434,2837,1822,2068,392,2971,2449,1824,2267,2268,2369,352,1543,307,1007,1774,1781,2157,347,2088,903,3058,1119,458,3065,2832,1576,1807,404,2365,1015,2887,1590,2441,2303,924,2445,1202,2479,304,2216,1548,2789,1226,2675,1497,1230,402,1187,1189,1739,1970,497,1002,847,463,2834,2877,1106,1748,1121,1752,1060,2190,936,915,2902,818,443,1845,2928,1129,3025,954,1206,2439,1133,2119,2384,955,1142,1648,2339,1536,855,969,1658,2712,292,1270,2350,511,2718,2278,2279,1681,2098,2777,2500,1100,2360,2904,2913,1349,2792,1688,2455,1637,332,2072,2244,563,2817,989,930,1646,1467,1027,1131,486,1806,583,3042,2429,1652,1589,3051,581,1477,3055,2440,2402,2065,3062,2443,2978,2981,2118,1669,1046,2343,1203,1677,1679,2133,1819,1623,1683,1085,567,2990,1761,2995,2889,3005,3010,1341,2466,2370,877,578,849,2580,1185,2938,1553,1473,580,1161,1163,1729,1164,566,956,1734,1809,2572,3061,2174,1810,1200,3066,2710,2355,2092,2181,1678,3011,496,1186,2930,333,1850,2309,1854,539,403,574,637,2389,719,1196,1198,2475,576,577,2818,922,1768,569,445,2081,1782,968,3060,1628,2888,526,3064,2609,1108,1675,1229,1160,2198,2477,1188,1818,1657,1116,950,1463,331,2948,1955,2168,1851,1434,721,2427,990,2271,1690,2816,2358,1350,2828,1750,1751,575,1012,2302,2306,564,2191,2310,3100,838,2919,1148,2430,2739,
6,852,404,780,1444,1685,2089,
6,1042,180,383,794,1069,1365,
6,2582,256,307,500,700,2583,
4,2472,13,393,867,
4,1769,102,439,616,
4,616,292,1062,1769,
