1272
0,18
14,32
28,46
42,60
56,74
70,88
84,102
98,116
112,130
126,144
140,158
154,172
168,186
182,200
196,214
210,228
224,242
238,256
252,270
266,284
280,298
294,312
308,326
322,340
336,354
350,368
364,382
378,396
392,410
406,424
420,438
434,452
448,466
462,480
476,494
490,508
504,522
518,536
532,550
546,564
560,578
574,592
588,606
602,620
616,634
630,648
644,662
658,676
672,690
686,704
700,718
714,732
728,746
742,760
756,774
770,788
784,802
798,816
812,830
826,844
840,858
854,872
868,886
882,900
896,914
910,928
924,942
938,956
952,970
966,984
980,998
994,1012
1008,1026
1022,1040
1036,1054
1050,1068
1064,1082
1078,1096
1092,1110
1106,1124
1120,1138
1134,1152
1148,1166
1162,1180
1176,1194
1190,1208
1204,1222
1218,1236
1232,1250
1246,1264
1260,1278
1274,1292
1288,1306
1302,1320
1316,1334
1330,1348
1344,1362
1358,1376
1372,1390
1386,1404
0,22
16,38
32,54
48,70
64,86
80,102
96,118
112,134
128,150
144,166
160,182
176,198
192,214
208,230
224,246
240,262
256,278
272,294
288,310
304,326
320,342
336,358
352,374
368,390
384,406
400,422
416,438
432,454
448,470
464,486
480,502
496,518
512,534
528,550
544,566
560,582
576,598
592,614
608,630
624,646
640,662
656,678
672,694
688,710
704,726
720,742
736,758
752,774
768,790
784,806
800,822
816,838
832,854
848,870
864,886
880,902
896,918
912,934
928,950
944,966
960,982
976,998
992,1014
1008,1030
1024,1046
1040,1062
1056,1078
1072,1094
1088,1110
1104,1126
1120,1142
1136,1158
1152,1174
1168,1190
1184,1206
1200,1222
1216,1238
1232,1254
1248,1270
1264,1286
1280,1302
1296,1318
1312,1334
1328,1350
1344,1366
1360,1382
1376,1398
0,26
20,46
40,66
60,86
80,106
100,126
120,146
140,166
160,186
180,206
200,226
220,246
240,266
260,286
280,306
300,326
320,346
340,366
360,386
380,406
400,426
420,446
440,466
460,486
480,506
500,526
520,546
540,566
560,586
580,606
600,626
620,646
640,666
660,686
680,706
700,726
720,746
740,766
760,786
780,806
800,826
820,846
840,866
860,886
880,906
900,926
920,946
940,966
960,986
980,1006
1000,1026
1020,1046
1040,1066
1060,1086
1080,1106
1100,1126
1120,1146
1140,1166
1160,1186
1180,1206
1200,1226
1220,1246
1240,1266
1260,1286
1280,1306
1300,1326
1320,1346
1340,1366
1360,1386
4,22
18,36
32,50
46,64
60,78
74,92
88,106
102,120
116,134
130,148
144,162
158,176
172,190
186,204
200,218
214,232
228,246
242,260
256,274
270,288
284,302
298,316
312,330
326,344
340,358
354,372
368,386
382,400
396,414
410,428
424,442
438,456
452,470
466,484
480,498
494,512
508,526
522,540
536,554
550,568
564,582
578,596
592,610
606,624
620,638
634,652
648,666
662,680
676,694
690,708
704,722
718,736
732,750
746,764
760,778
774,792
788,806
802,820
816,834
830,848
844,862
858,876
872,890
886,904
900,918
914,932
928,946
942,960
956,974
970,988
984,1002
998,1016
1012,1030
1026,1044
1040,1058
1054,1072
1068,1086
1082,1100
1096,1114
1110,1128
1124,1142
1138,1156
1152,1170
1166,1184
1180,1198
1194,1212
1208,1226
1222,1240
1236,1254
1250,1268
1264,1282
1278,1296
1292,1310
1306,1324
1320,1338
1334,1352
1348,1366
1362,1380
1376,1394
4,26
20,42
36,58
52,74
68,90
84,106
100,122
116,138
132,154
148,170
164,186
180,202
196,218
212,234
228,250
244,266
260,282
276,298
292,314
308,330
324,346
340,362
356,378
372,394
388,410
404,426
420,442
436,458
452,474
468,490
484,506
500,522
516,538
532,554
548,570
564,586
580,602
596,618
612,634
628,650
644,666
660,682
676,698
692,714
708,730
724,746
740,762
756,778
772,794
788,810
804,826
820,842
836,858
852,874
868,890
884,906
900,922
916,938
932,954
948,970
964,986
980,1002
996,1018
1012,1034
1028,1050
1044,1066
1060,1082
1076,1098
1092,1114
1108,1130
1124,1146
1140,1162
1156,1178
1172,1194
1188,1210
1204,1226
1220,1242
1236,1258
1252,1274
1268,1290
1284,1306
1300,1322
1316,1338
1332,1354
1348,1370
1364,1386
1380,1402
4,30
24,50
44,70
64,90
84,110
104,130
124,150
144,170
164,190
184,210
204,230
224,250
244,270
264,290
284,310
304,330
324,350
344,370
364,390
384,410
404,430
424,450
444,470
464,490
484,510
504,530
524,550
544,570
564,590
584,610
604,630
624,650
644,670
664,690
684,710
704,730
724,750
744,770
764,790
784,810
804,830
824,850
844,870
864,890
884,910
904,930
924,950
944,970
964,990
984,1010
1004,1030
1024,1050
1044,1070
1064,1090
1084,1110
1104,1130
1124,1150
1144,1170
1164,1190
1184,1210
1204,1230
1224,1250
1244,1270
1264,1290
1284,1310
1304,1330
1324,1350
1344,1370
1364,1390
8,26
22,40
36,54
50,68
64,82
78,96
92,110
106,124
120,138
134,152
148,166
162,180
176,194
190,208
204,222
218,236
232,250
246,264
260,278
274,292
288,306
302,320
316,334
330,348
344,362
358,376
372,390
386,404
400,418
414,432
428,446
442,460
456,474
470,488
484,502
498,516
512,530
526,544
540,558
554,572
568,586
582,600
596,614
610,628
624,642
638,656
652,670
666,684
680,698
694,712
708,726
722,740
736,754
750,768
764,782
778,796
792,810
806,824
820,838
834,852
848,866
862,880
876,894
890,908
904,922
918,936
932,950
946,964
960,978
974,992
988,1006
1002,1020
1016,1034
1030,1048
1044,1062
1058,1076
1072,1090
1086,1104
1100,1118
1114,1132
1128,1146
1142,1160
1156,1174
1170,1188
1184,1202
1198,1216
1212,1230
1226,1244
1240,1258
1254,1272
1268,1286
1282,1300
1296,1314
1310,1328
1324,1342
1338,1356
1352,1370
1366,1384
1380,1398
8,30
24,46
40,62
56,78
72,94
88,110
104,126
120,142
136,158
152,174
168,190
184,206
200,222
216,238
232,254
248,270
264,286
280,302
296,318
312,334
328,350
344,366
360,382
376,398
392,414
408,430
424,446
440,462
456,478
472,494
488,510
504,526
520,542
536,558
552,574
568,590
584,606
600,622
616,638
632,654
648,670
664,686
680,702
696,718
712,734
728,750
744,766
760,782
776,798
792,814
808,830
824,846
840,862
856,878
872,894
888,910
904,926
920,942
936,958
952,974
968,990
984,1006
1000,1022
1016,1038
1032,1054
1048,1070
1064,1086
1080,1102
1096,1118
1112,1134
1128,1150
1144,1166
1160,1182
1176,1198
1192,1214
1208,1230
1224,1246
1240,1262
1256,1278
1272,1294
1288,1310
1304,1326
1320,1342
1336,1358
1352,1374
1368,1390
8,34
28,54
48,74
68,94
88,114
108,134
128,154
148,174
168,194
188,214
208,234
228,254
248,274
268,294
288,314
308,334
328,354
348,374
368,394
388,414
408,434
428,454
448,474
468,494
488,514
508,534
528,554
548,574
568,594
588,614
608,634
628,654
648,674
668,694
688,714
708,734
728,754
748,774
768,794
788,814
808,834
828,854
848,874
868,894
888,914
908,934
928,954
948,974
968,994
988,1014
1008,1034
1028,1054
1048,1074
1068,1094
1088,1114
1108,1134
1128,1154
1148,1174
1168,1194
1188,1214
1208,1234
1228,1254
1248,1274
1268,1294
1288,1314
1308,1334
1328,1354
1348,1374
1368,1394
12,30
26,44
40,58
54,72
68,86
82,100
96,114
110,128
124,142
138,156
152,170
166,184
180,198
194,212
208,226
222,240
236,254
250,268
264,282
278,296
292,310
306,324
320,338
334,352
348,366
362,380
376,394
390,408
404,422
418,436
432,450
446,464
460,478
474,492
488,506
502,520
516,534
530,548
544,562
558,576
572,590
586,604
600,618
614,632
628,646
642,660
656,674
670,688
684,702
698,716
712,730
726,744
740,758
754,772
768,786
782,800
796,814
810,828
824,842
838,856
852,870
866,884
880,898
894,912
908,926
922,940
936,954
950,968
964,982
978,996
992,1010
1006,1024
1020,1038
1034,1052
1048,1066
1062,1080
1076,1094
1090,1108
1104,1122
1118,1136
1132,1150
1146,1164
1160,1178
1174,1192
1188,1206
1202,1220
1216,1234
1230,1248
1244,1262
1258,1276
1272,1290
1286,1304
1300,1318
1314,1332
1328,1346
1342,1360
1356,1374
1370,1388
1384,1402
12,34
28,50
44,66
60,82
76,98
92,114
108,130
124,146
140,162
156,178
172,194
188,210
204,226
220,242
236,258
252,274
268,290
284,306
300,322
316,338
332,354
348,370
364,386
380,402
396,418
412,434
428,450
444,466
460,482
476,498
492,514
508,530
524,546
540,562
556,578
572,594
588,610
604,626
620,642
636,658
652,674
668,690
684,706
700,722
716,738
732,754
748,770
764,786
780,802
796,818
812,834
828,850
844,866
860,882
876,898
892,914
908,930
924,946
940,962
956,978
972,994
988,1010
1004,1026
1020,1042
1036,1058
1052,1074
1068,1090
1084,1106
1100,1122
1116,1138
1132,1154
1148,1170
1164,1186
1180,1202
1196,1218
1212,1234
1228,1250
1244,1266
1260,1282
1276,1298
1292,1314
1308,1330
1324,1346
1340,1362
1356,1378
1372,1394
12,38
32,58
52,78
72,98
92,118
112,138
132,158
152,178
172,198
192,218
212,238
232,258
252,278
272,298
292,318
312,338
332,358
352,378
372,398
392,418
412,438
432,458
452,478
472,498
492,518
512,538
532,558
552,578
572,598
592,618
612,638
632,658
652,678
672,698
692,718
712,738
732,758
752,778
772,798
792,818
812,838
832,858
852,878
872,898
892,918
912,938
932,958
952,978
972,998
992,1018
1012,1038
1032,1058
1052,1078
1072,1098
1092,1118
1112,1138
1132,1158
1152,1178
1172,1198
1192,1218
1212,1238
1232,1258
1252,1278
1272,1298
1292,1318
1312,1338
1332,1358
1352,1378
1372,1398
16,34
30,48
44,62
58,76
72,90
86,104
100,118
114,132
128,146
142,160
156,174
170,188
184,202
198,216
212,230
226,244
240,258
254,272
268,286
282,300
296,314
310,328
324,342
338,356
352,370
366,384
380,398
394,412
408,426
422,440
436,454
450,468
464,482
478,496
492,510
506,524
520,538
534,552
548,566
562,580
576,594
590,608
604,622
618,636
632,650
646,664
660,678
674,692
688,706
702,720
716,734
730,748
744,762
758,776
772,790
786,804
800,818
814,832
828,846
842,860
856,874
870,888
884,902
898,916
912,930
926,944
940,958
954,972
968,986
982,1000
996,1014
1010,1028
1024,1042
1038,1056
1052,1070
1066,1084
1080,1098
1094,1112
1108,1126
1122,1140
1136,1154
1150,1168
1164,1182
1178,1196
1192,1210
1206,1224
1220,1238
1234,1252
1248,1266
1262,1280
1276,1294
1290,1308
1304,1322
1318,1336
1332,1350
1346,1364
1360,1378
1374,1392
16,38
32,54
48,70
64,86
80,102
96,118
112,134
128,150
144,166
160,182
176,198
192,214
208,230
224,246
240,262
256,278
272,294
288,310
304,326
320,342
336,358
352,374
368,390
384,406
400,422
416,438
432,454
448,470
464,486
480,502
496,518
512,534
528,550
544,566
560,582
576,598
592,614
608,630
624,646
640,662
656,678
672,694
688,710
704,726
720,742
736,758
752,774
768,790
784,806
800,822
816,838
832,854
848,870
864,886
880,902
896,918
912,934
928,950
944,966
960,982
976,998
992,1014
1008,1030
1024,1046
1040,1062
1056,1078
1072,1094
1088,1110
1104,1126
1120,1142
1136,1158
1152,1174
1168,1190
1184,1206
1200,1222
1216,1238
1232,1254
1248,1270
1264,1286
1280,1302
1296,1318
1312,1334
1328,1350
1344,1366
1360,1382
1376,1398
16,42
36,62
56,82
76,102
96,122
116,142
136,162
156,182
176,202
196,222
216,242
236,262
256,282
276,302
296,322
316,342
336,362
356,382
376,402
396,422
416,442
436,462
456,482
476,502
496,522
516,542
536,562
556,582
576,602
596,622
616,642
636,662
656,682
676,702
696,722
716,742
736,762
756,782
776,802
796,822
816,842
836,862
856,882
876,902
896,922
916,942
936,962
956,982
976,1002
996,1022
1016,1042
1036,1062
1056,1082
1076,1102
1096,1122
1116,1142
1136,1162
1156,1182
1176,1202
1196,1222
1216,1242
1236,1262
1256,1282
1276,1302
1296,1322
1316,1342
1336,1362
1356,1382
1376,1402
9
410,549,0,14,18,25,28,36,45,50,51,56,57,62,68,74,81,82,87,90,92,266,267,268,272,303,339,537,540,545,559,583,586,1087,33,46,83,294,327,602,330,26,331,591,594,1046,1108,10,11,12,69,281,301,835,256,30,38,47,91,298,1028,304,323,782,16,346,1092,49,845,13,71,338,810,524,809,342,778,1064,55,70,282,530,542,578,841,39,58,76,343,558,791,23,24,269,1069,284,100,86,1034,1030,585,787,776,280,775,325,527,856,1051,789,292,42,813,511,351,525,556,522,579,837,654,814,1101,523,112,180,826,52,328,347,561,560,1075,15,533,17,40,278,840,1110,597,855,41,348,555,803,1037,851,800,903,355,48,1068,84,815,287,290,1036,1043,306,274,832,1029,781,1065,75,535,567,779,848,273,804,838,313,271,311,19,300,310,853,1080,820,1086,77,784,1054,187,1073,1072,643,27,1100,399,386,928,566,166,821,860,568,312,324,144,1059,337,172,289,598,307,649,846,1099,659,1105,1160,897,777,907,913,159,581,819,874,1175,593,318,885,165,582,122,150,1074,580,326,539,297,1138,404,1166,592,1181,620,125,365,394,73,1088,1089,110,414,162,934,1109,833,1126,834,1156,601,794,1031,790,873,1042,528,1104,572,526,670,536,606,939,29,1056,669,824,854,822,171,149,1127,653,1165,908,1048,772,377,1187,195,521,923,565,22,651,1067,989,1006,222,1060,405,735,415,111,799,584,631,797,847,366,805,435,1044,305,126,674,1142,912,489,1178,1196,1242,450,1032,477,888,481,547,176,396,671,1057,1141,924,925,96,619,967,796,641,1192,302,1210,395,529,552,681,685,704,1033,727,1035,812,731,161,765,634,179,134,286,1176,1177,421,935,160,958,1195,44,219,1237,981,214,370,816,1076,713,943,743,985,376,997,109,557,610,1125,1132,621,783,625,1040,632,226,562,227,403,879,1095,889,116,1211,442,1250,1063,140,792,285,774,296,658,793,1164,811,380,
6,1047,47,286,379,547,772,
6,911,40,56,529,1040,1062,
5,1058,32,55,56,529,
5,784,77,385,553,854,
4,541,29,520,547,
4,371,70,551,565,
4,553,588,784,799,
4,842,20,553,600,
