4544
0,10
8,18
16,26
24,34
32,42
40,50
48,58
56,66
64,74
72,82
80,90
88,98
96,106
104,114
112,122
120,130
128,138
136,146
144,154
152,162
160,170
168,178
176,186
184,194
192,202
200,210
208,218
216,226
224,234
232,242
240,250
248,258
256,266
264,274
272,282
280,290
288,298
296,306
304,314
312,322
320,330
328,338
336,346
344,354
352,362
360,370
368,378
376,386
384,394
392,402
400,410
408,418
416,426
424,434
432,442
440,450
448,458
456,466
464,474
472,482
480,490
488,498
496,506
504,514
512,522
520,530
528,538
536,546
544,554
552,562
560,570
568,578
576,586
584,594
592,602
600,610
608,618
616,626
624,634
632,642
640,650
648,658
656,666
664,674
672,682
680,690
688,698
696,706
704,714
712,722
720,730
728,738
736,746
744,754
752,762
760,770
768,778
776,786
784,794
792,802
800,810
808,818
816,826
824,834
832,842
840,850
848,858
856,866
864,874
872,882
880,890
888,898
896,906
904,914
912,922
920,930
928,938
936,946
944,954
952,962
960,970
968,978
976,986
984,994
992,1002
1000,1010
1008,1018
1016,1026
1024,1034
1032,1042
1040,1050
1048,1058
1056,1066
1064,1074
1072,1082
1080,1090
1088,1098
1096,1106
1104,1114
1112,1122
1120,1130
1128,1138
1136,1146
1144,1154
1152,1162
1160,1170
1168,1178
1176,1186
1184,1194
1192,1202
1200,1210
1208,1218
1216,1226
1224,1234
1232,1242
1240,1250
1248,1258
1256,1266
1264,1274
1272,1282
1280,1290
1288,1298
1296,1306
1304,1314
1312,1322
1320,1330
1328,1338
1336,1346
1344,1354
1352,1362
1360,1370
1368,1378
1376,1386
1384,1394
1392,1402
1400,1410
1408,1418
1416,1426
1424,1434
1432,1442
1440,1450
1448,1458
1456,1466
1464,1474
1472,1482
1480,1490
1488,1498
1496,1506
1504,1514
1512,1522
1520,1530
1528,1538
1536,1546
1544,1554
1552,1562
1560,1570
1568,1578
1576,1586
1584,1594
1592,1602
1600,1610
1608,1618
1616,1626
1624,1634
1632,1642
1640,1650
1648,1658
1656,1666
1664,1674
1672,1682
1680,1690
1688,1698
1696,1706
1704,1714
1712,1722
1720,1730
1728,1738
1736,1746
1744,1754
1752,1762
1760,1770
1768,1778
1776,1786
1784,1794
1792,1802
1800,1810
1808,1818
1816,1826
1824,1834
1832,1842
1840,1850
1848,1858
1856,1866
1864,1874
1872,1882
1880,1890
1888,1898
1896,1906
1904,1914
1912,1922
1920,1930
1928,1938
1936,1946
1944,1954
1952,1962
1960,1970
1968,1978
1976,1986
1984,1994
1992,2002
2000,2010
2008,2018
2016,2026
2024,2034
2032,2042
2040,2050
2048,2058
2056,2066
2064,2074
2072,2082
2080,2090
2088,2098
2096,2106
2104,2114
2112,2122
2120,2130
2128,2138
2136,2146
2144,2154
2152,2162
2160,2170
2168,2178
2176,2186
2184,2194
2192,2202
2200,2210
2208,2218
2216,2226
2224,2234
2232,2242
2240,2250
2248,2258
2256,2266
2264,2274
2272,2282
2280,2290
2288,2298
2296,2306
2304,2314
2312,2322
2320,2330
2328,2338
2336,2346
2344,2354
2352,2362
2360,2370
2368,2378
2376,2386
2384,2394
2392,2402
2400,2410
2408,2418
2416,2426
2424,2434
2432,2442
2440,2450
2448,2458
2456,2466
2464,2474
0,14
10,24
20,34
30,44
40,54
50,64
60,74
70,84
80,94
90,104
100,114
110,124
120,134
130,144
140,154
150,164
160,174
170,184
180,194
190,204
200,214
210,224
220,234
230,244
240,254
250,264
260,274
270,284
280,294
290,304
300,314
310,324
320,334
330,344
340,354
350,364
360,374
370,384
380,394
390,404
400,414
410,424
420,434
430,444
440,454
450,464
460,474
470,484
480,494
490,504
500,514
510,524
520,534
530,544
540,554
550,564
560,574
570,584
580,594
590,604
600,614
610,624
620,634
630,644
640,654
650,664
660,674
670,684
680,694
690,704
700,714
710,724
720,734
730,744
740,754
750,764
760,774
770,784
780,794
790,804
800,814
810,824
820,834
830,844
840,854
850,864
860,874
870,884
880,894
890,904
900,914
910,924
920,934
930,944
940,954
950,964
960,974
970,984
980,994
990,1004
1000,1014
1010,1024
1020,1034
1030,1044
1040,1054
1050,1064
1060,1074
1070,1084
1080,1094
1090,1104
1100,1114
1110,1124
1120,1134
1130,1144
1140,1154
1150,1164
1160,1174
1170,1184
1180,1194
1190,1204
1200,1214
1210,1224
1220,1234
1230,1244
1240,1254
1250,1264
1260,1274
1270,1284
1280,1294
1290,1304
1300,1314
1310,1324
1320,1334
1330,1344
1340,1354
1350,1364
1360,1374
1370,1384
1380,1394
1390,1404
1400,1414
1410,1424
1420,1434
1430,1444
1440,1454
1450,1464
1460,1474
1470,1484
1480,1494
1490,1504
1500,1514
1510,1524
1520,1534
1530,1544
1540,1554
1550,1564
1560,1574
1570,1584
1580,1594
1590,1604
1600,1614
1610,1624
1620,1634
1630,1644
1640,1654
1650,1664
1660,1674
1670,1684
1680,1694
1690,1704
1700,1714
1710,1724
1720,1734
1730,1744
1740,1754
1750,1764
1760,1774
1770,1784
1780,1794
1790,1804
1800,1814
1810,1824
1820,1834
1830,1844
1840,1854
1850,1864
1860,1874
1870,1884
1880,1894
1890,1904
1900,1914
1910,1924
1920,1934
1930,1944
1940,1954
1950,1964
1960,1974
1970,1984
1980,1994
1990,2004
2000,2014
2010,2024
2020,2034
2030,2044
2040,2054
2050,2064
2060,2074
2070,2084
2080,2094
2090,2104
2100,2114
2110,2124
2120,2134
2130,2144
2140,2154
2150,2164
2160,2174
2170,2184
2180,2194
2190,2204
2200,2214
2210,2224
2220,2234
2230,2244
2240,2254
2250,2264
2260,2274
2270,2284
2280,2294
2290,2304
2300,2314
2310,2324
2320,2334
2330,2344
2340,2354
2350,2364
2360,2374
2370,2384
2380,2394
2390,2404
2400,2414
2410,2424
2420,2434
2430,2444
2440,2454
2450,2464
2460,2474
0,18
14,32
28,46
42,60
56,74
70,88
84,102
98,116
112,130
126,144
140,158
154,172
168,186
182,200
196,214
210,228
224,242
238,256
252,270
266,284
280,298
294,312
308,326
322,340
336,354
350,368
364,382
378,396
392,410
406,424
420,438
434,452
448,466
462,480
476,494
490,508
504,522
518,536
532,550
546,564
560,578
574,592
588,606
602,620
616,634
630,648
644,662
658,676
672,690
686,704
700,718
714,732
728,746
742,760
756,774
770,788
784,802
798,816
812,830
826,844
840,858
854,872
868,886
882,900
896,914
910,928
924,942
938,956
952,970
966,984
980,998
994,1012
1008,1026
1022,1040
1036,1054
1050,1068
1064,1082
1078,1096
1092,1110
1106,1124
1120,1138
1134,1152
1148,1166
1162,1180
1176,1194
1190,1208
1204,1222
1218,1236
1232,1250
1246,1264
1260,1278
1274,1292
1288,1306
1302,1320
1316,1334
1330,1348
1344,1362
1358,1376
1372,1390
1386,1404
1400,1418
1414,1432
1428,1446
1442,1460
1456,1474
1470,1488
1484,1502
1498,1516
1512,1530
1526,1544
1540,1558
1554,1572
1568,1586
1582,1600
1596,1614
1610,1628
1624,1642
1638,1656
1652,1670
1666,1684
1680,1698
1694,1712
1708,1726
1722,1740
1736,1754
1750,1768
1764,1782
1778,1796
1792,1810
1806,1824
1820,1838
1834,1852
1848,1866
1862,1880
1876,1894
1890,1908
1904,1922
1918,1936
1932,1950
1946,1964
1960,1978
1974,1992
1988,2006
2002,2020
2016,2034
2030,2048
2044,2062
2058,2076
2072,2090
2086,2104
2100,2118
2114,2132
2128,2146
2142,2160
2156,2174
2170,2188
2184,2202
2198,2216
2212,2230
2226,2244
2240,2258
2254,2272
2268,2286
2282,2300
2296,2314
2310,2328
2324,2342
2338,2356
2352,2370
2366,2384
2380,2398
2394,2412
2408,2426
2422,2440
2436,2454
2450,2468
0,22
16,38
32,54
48,70
64,86
80,102
96,118
112,134
128,150
144,166
160,182
176,198
192,214
208,230
224,246
240,262
256,278
272,294
288,310
304,326
320,342
336,358
352,374
368,390
384,406
400,422
416,438
432,454
448,470
464,486
480,502
496,518
512,534
528,550
544,566
560,582
576,598
592,614
608,630
624,646
640,662
656,678
672,694
688,710
704,726
720,742
736,758
752,774
768,790
784,806
800,822
816,838
832,854
848,870
864,886
880,902
896,918
912,934
928,950
944,966
960,982
976,998
992,1014
1008,1030
1024,1046
1040,1062
1056,1078
1072,1094
1088,1110
1104,1126
1120,1142
1136,1158
1152,1174
1168,1190
1184,1206
1200,1222
1216,1238
1232,1254
1248,1270
1264,1286
1280,1302
1296,1318
1312,1334
1328,1350
1344,1366
1360,1382
1376,1398
1392,1414
1408,1430
1424,1446
1440,1462
1456,1478
1472,1494
1488,1510
1504,1526
1520,1542
1536,1558
1552,1574
1568,1590
1584,1606
1600,1622
1616,1638
1632,1654
1648,1670
1664,1686
1680,1702
1696,1718
1712,1734
1728,1750
1744,1766
1760,1782
1776,1798
1792,1814
1808,1830
1824,1846
1840,1862
1856,1878
1872,1894
1888,1910
1904,1926
1920,1942
1936,1958
1952,1974
1968,1990
1984,2006
2000,2022
2016,2038
2032,2054
2048,2070
2064,2086
2080,2102
2096,2118
2112,2134
2128,2150
2144,2166
2160,2182
2176,2198
2192,2214
2208,2230
2224,2246
2240,2262
2256,2278
2272,2294
2288,2310
2304,2326
2320,2342
2336,2358
2352,2374
2368,2390
2384,2406
2400,2422
2416,2438
2432,2454
2448,2470
0,26
20,46
40,66
60,86
80,106
100,126
120,146
140,166
160,186
180,206
200,226
220,246
240,266
260,286
280,306
300,326
320,346
340,366
360,386
380,406
400,426
420,446
440,466
460,486
480,506
500,526
520,546
540,566
560,586
580,606
600,626
620,646
640,666
660,686
680,706
700,726
720,746
740,766
760,786
780,806
800,826
820,846
840,866
860,886
880,906
900,926
920,946
940,966
960,986
980,1006
1000,1026
1020,1046
1040,1066
1060,1086
1080,1106
1100,1126
1120,1146
1140,1166
1160,1186
1180,1206
1200,1226
1220,1246
1240,1266
1260,1286
1280,1306
1300,1326
1320,1346
1340,1366
1360,1386
1380,1406
1400,1426
1420,1446
1440,1466
1460,1486
1480,1506
1500,1526
1520,1546
1540,1566
1560,1586
1580,1606
1600,1626
1620,1646
1640,1666
1660,1686
1680,1706
1700,1726
1720,1746
1740,1766
1760,1786
1780,1806
1800,1826
1820,1846
1840,1866
1860,1886
1880,1906
1900,1926
1920,1946
1940,1966
1960,1986
1980,2006
2000,2026
2020,2046
2040,2066
2060,2086
2080,2106
2100,2126
2120,2146
2140,2166
2160,2186
2180,2206
2200,2226
2220,2246
2240,2266
2260,2286
2280,2306
2300,2326
2320,2346
2340,2366
2360,2386
2380,2406
2400,2426
2420,2446
2440,2466
0,30
22,52
44,74
66,96
88,118
110,140
132,162
154,184
176,206
198,228
220,250
242,272
264,294
286,316
308,338
330,360
352,382
374,404
396,426
418,448
440,470
462,492
484,514
506,536
528,558
550,580
572,602
594,624
616,646
638,668
660,690
682,712
704,734
726,756
748,778
770,800
792,822
814,844
836,866
858,888
880,910
902,932
924,954
946,976
968,998
990,1020
1012,1042
1034,1064
1056,1086
1078,1108
1100,1130
1122,1152
1144,1174
1166,1196
1188,1218
1210,1240
1232,1262
1254,1284
1276,1306
1298,1328
1320,1350
1342,1372
1364,1394
1386,1416
1408,1438
1430,1460
1452,1482
1474,1504
1496,1526
1518,1548
1540,1570
1562,1592
1584,1614
1606,1636
1628,1658
1650,1680
1672,1702
1694,1724
1716,1746
1738,1768
1760,1790
1782,1812
1804,1834
1826,1856
1848,1878
1870,1900
1892,1922
1914,1944
1936,1966
1958,1988
1980,2010
2002,2032
2024,2054
2046,2076
2068,2098
2090,2120
2112,2142
2134,2164
2156,2186
2178,2208
2200,2230
2222,2252
2244,2274
2266,2296
2288,2318
2310,2340
2332,2362
2354,2384
2376,2406
2398,2428
2420,2450
2442,2472
0,34
26,60
52,86
78,112
104,138
130,164
156,190
182,216
208,242
234,268
260,294
286,320
312,346
338,372
364,398
390,424
416,450
442,476
468,502
494,528
520,554
546,580
572,606
598,632
624,658
650,684
676,710
702,736
728,762
754,788
780,814
806,840
832,866
858,892
884,918
910,944
936,970
962,996
988,1022
1014,1048
1040,1074
1066,1100
1092,1126
1118,1152
1144,1178
1170,1204
1196,1230
1222,1256
1248,1282
1274,1308
1300,1334
1326,1360
1352,1386
1378,1412
1404,1438
1430,1464
1456,1490
1482,1516
1508,1542
1534,1568
1560,1594
1586,1620
1612,1646
1638,1672
1664,1698
1690,1724
1716,1750
1742,1776
1768,1802
1794,1828
1820,1854
1846,1880
1872,1906
1898,1932
1924,1958
1950,1984
1976,2010
2002,2036
2028,2062
2054,2088
2080,2114
2106,2140
2132,2166
2158,2192
2184,2218
2210,2244
2236,2270
2262,2296
2288,2322
2314,2348
2340,2374
2366,2400
2392,2426
2418,2452
2444,2478
0,38
28,66
56,94
84,122
112,150
140,178
168,206
196,234
224,262
252,290
280,318
308,346
336,374
364,402
392,430
420,458
448,486
476,514
504,542
532,570
560,598
588,626
616,654
644,682
672,710
700,738
728,766
756,794
784,822
812,850
840,878
868,906
896,934
924,962
952,990
980,1018
1008,1046
1036,1074
1064,1102
1092,1130
1120,1158
1148,1186
1176,1214
1204,1242
1232,1270
1260,1298
1288,1326
1316,1354
1344,1382
1372,1410
1400,1438
1428,1466
1456,1494
1484,1522
1512,1550
1540,1578
1568,1606
1596,1634
1624,1662
1652,1690
1680,1718
1708,1746
1736,1774
1764,1802
1792,1830
1820,1858
1848,1886
1876,1914
1904,1942
1932,1970
1960,1998
1988,2026
2016,2054
2044,2082
2072,2110
2100,2138
2128,2166
2156,2194
2184,2222
2212,2250
2240,2278
2268,2306
2296,2334
2324,2362
2352,2390
2380,2418
2408,2446
2436,2474
0,42
32,74
64,106
96,138
128,170
160,202
192,234
224,266
256,298
288,330
320,362
352,394
384,426
416,458
448,490
480,522
512,554
544,586
576,618
608,650
640,682
672,714
704,746
736,778
768,810
800,842
832,874
864,906
896,938
928,970
960,1002
992,1034
1024,1066
1056,1098
1088,1130
1120,1162
1152,1194
1184,1226
1216,1258
1248,1290
1280,1322
1312,1354
1344,1386
1376,1418
1408,1450
1440,1482
1472,1514
1504,1546
1536,1578
1568,1610
1600,1642
1632,1674
1664,1706
1696,1738
1728,1770
1760,1802
1792,1834
1824,1866
1856,1898
1888,1930
1920,1962
1952,1994
1984,2026
2016,2058
2048,2090
2080,2122
2112,2154
2144,2186
2176,2218
2208,2250
2240,2282
2272,2314
2304,2346
2336,2378
2368,2410
2400,2442
2432,2474
0,46
34,80
68,114
102,148
136,182
170,216
204,250
238,284
272,318
306,352
340,386
374,420
408,454
442,488
476,522
510,556
544,590
578,624
612,658
646,692
680,726
714,760
748,794
782,828
816,862
850,896
884,930
918,964
952,998
986,1032
1020,1066
1054,1100
1088,1134
1122,1168
1156,1202
1190,1236
1224,1270
1258,1304
1292,1338
1326,1372
1360,1406
1394,1440
1428,1474
1462,1508
1496,1542
1530,1576
1564,1610
1598,1644
1632,1678
1666,1712
1700,1746
1734,1780
1768,1814
1802,1848
1836,1882
1870,1916
1904,1950
1938,1984
1972,2018
2006,2052
2040,2086
2074,2120
2108,2154
2142,2188
2176,2222
2210,2256
2244,2290
2278,2324
2312,2358
2346,2392
2380,2426
2414,2460
0,50
38,88
76,126
114,164
152,202
190,240
228,278
266,316
304,354
342,392
380,430
418,468
456,506
494,544
532,582
570,620
608,658
646,696
684,734
722,772
760,810
798,848
836,886
874,924
912,962
950,1000
988,1038
1026,1076
1064,1114
1102,1152
1140,1190
1178,1228
1216,1266
1254,1304
1292,1342
1330,1380
1368,1418
1406,1456
1444,1494
1482,1532
1520,1570
1558,1608
1596,1646
1634,1684
1672,1722
1710,1760
1748,1798
1786,1836
1824,1874
1862,1912
1900,1950
1938,1988
1976,2026
2014,2064
2052,2102
2090,2140
2128,2178
2166,2216
2204,2254
2242,2292
2280,2330
2318,2368
2356,2406
2394,2444
4,14
12,22
20,30
28,38
36,46
44,54
52,62
60,70
68,78
76,86
84,94
92,102
100,110
108,118
116,126
124,134
132,142
140,150
148,158
156,166
164,174
172,182
180,190
188,198
196,206
204,214
212,222
220,230
228,238
236,246
244,254
252,262
260,270
268,278
276,286
284,294
292,302
300,310
308,318
316,326
324,334
332,342
340,350
348,358
356,366
364,374
372,382
380,390
388,398
396,406
404,414
412,422
420,430
428,438
436,446
444,454
452,462
460,470
468,478
476,486
484,494
492,502
500,510
508,518
516,526
524,534
532,542
540,550
548,558
556,566
564,574
572,582
580,590
588,598
596,606
604,614
612,622
620,630
628,638
636,646
644,654
652,662
660,670
668,678
676,686
684,694
692,702
700,710
708,718
716,726
724,734
732,742
740,750
748,758
756,766
764,774
772,782
780,790
788,798
796,806
804,814
812,822
820,830
828,838
836,846
844,854
852,862
860,870
868,878
876,886
884,894
892,902
900,910
908,918
916,926
924,934
932,942
940,950
948,958
956,966
964,974
972,982
980,990
988,998
996,1006
1004,1014
1012,1022
1020,1030
1028,1038
1036,1046
1044,1054
1052,1062
1060,1070
1068,1078
1076,1086
1084,1094
1092,1102
1100,1110
1108,1118
1116,1126
1124,1134
1132,1142
1140,1150
1148,1158
1156,1166
1164,1174
1172,1182
1180,1190
1188,1198
1196,1206
1204,1214
1212,1222
1220,1230
1228,1238
1236,1246
1244,1254
1252,1262
1260,1270
1268,1278
1276,1286
1284,1294
1292,1302
1300,1310
1308,1318
1316,1326
1324,1334
1332,1342
1340,1350
1348,1358
1356,1366
1364,1374
1372,1382
1380,1390
1388,1398
1396,1406
1404,1414
1412,1422
1420,1430
1428,1438
1436,1446
1444,1454
1452,1462
1460,1470
1468,1478
1476,1486
1484,1494
1492,1502
1500,1510
1508,1518
1516,1526
1524,1534
1532,1542
1540,1550
1548,1558
1556,1566
1564,1574
1572,1582
1580,1590
1588,1598
1596,1606
1604,1614
1612,1622
1620,1630
1628,1638
1636,1646
1644,1654
1652,1662
1660,1670
1668,1678
1676,1686
1684,1694
1692,1702
1700,1710
1708,1718
1716,1726
1724,1734
1732,1742
1740,1750
1748,1758
1756,1766
1764,1774
1772,1782
1780,1790
1788,1798
1796,1806
1804,1814
1812,1822
1820,1830
1828,1838
1836,1846
1844,1854
1852,1862
1860,1870
1868,1878
1876,1886
1884,1894
1892,1902
1900,1910
1908,1918
1916,1926
1924,1934
1932,1942
1940,1950
1948,1958
1956,1966
1964,1974
1972,1982
1980,1990
1988,1998
1996,2006
2004,2014
2012,2022
2020,2030
2028,2038
2036,2046
2044,2054
2052,2062
2060,2070
2068,2078
2076,2086
2084,2094
2092,2102
2100,2110
2108,2118
2116,2126
2124,2134
2132,2142
2140,2150
2148,2158
2156,2166
2164,2174
2172,2182
2180,2190
2188,2198
2196,2206
2204,2214
2212,2222
2220,2230
2228,2238
2236,2246
2244,2254
2252,2262
2260,2270
2268,2278
2276,2286
2284,2294
2292,2302
2300,2310
2308,2318
2316,2326
2324,2334
2332,2342
2340,2350
2348,2358
2356,2366
2364,2374
2372,2382
2380,2390
2388,2398
2396,2406
2404,2414
2412,2422
2420,2430
2428,2438
2436,2446
2444,2454
2452,2462
2460,2470
2468,2478
4,18
14,28
24,38
34,48
44,58
54,68
64,78
74,88
84,98
94,108
104,118
114,128
124,138
134,148
144,158
154,168
164,178
174,188
184,198
194,208
204,218
214,228
224,238
234,248
244,258
254,268
264,278
274,288
284,298
294,308
304,318
314,328
324,338
334,348
344,358
354,368
364,378
374,388
384,398
394,408
404,418
414,428
424,438
434,448
444,458
454,468
464,478
474,488
484,498
494,508
504,518
514,528
524,538
534,548
544,558
554,568
564,578
574,588
584,598
594,608
604,618
614,628
624,638
634,648
644,658
654,668
664,678
674,688
684,698
694,708
704,718
714,728
724,738
734,748
744,758
754,768
764,778
774,788
784,798
794,808
804,818
814,828
824,838
834,848
844,858
854,868
864,878
874,888
884,898
894,908
904,918
914,928
924,938
934,948
944,958
954,968
964,978
974,988
984,998
994,1008
1004,1018
1014,1028
1024,1038
1034,1048
1044,1058
1054,1068
1064,1078
1074,1088
1084,1098
1094,1108
1104,1118
1114,1128
1124,1138
1134,1148
1144,1158
1154,1168
1164,1178
1174,1188
1184,1198
1194,1208
1204,1218
1214,1228
1224,1238
1234,1248
1244,1258
1254,1268
1264,1278
1274,1288
1284,1298
1294,1308
1304,1318
1314,1328
1324,1338
1334,1348
1344,1358
1354,1368
1364,1378
1374,1388
1384,1398
1394,1408
1404,1418
1414,1428
1424,1438
1434,1448
1444,1458
1454,1468
1464,1478
1474,1488
1484,1498
1494,1508
1504,1518
1514,1528
1524,1538
1534,1548
1544,1558
1554,1568
1564,1578
1574,1588
1584,1598
1594,1608
1604,1618
1614,1628
1624,1638
1634,1648
1644,1658
1654,1668
1664,1678
1674,1688
1684,1698
1694,1708
1704,1718
1714,1728
1724,1738
1734,1748
1744,1758
1754,1768
1764,1778
1774,1788
1784,1798
1794,1808
1804,1818
1814,1828
1824,1838
1834,1848
1844,1858
1854,1868
1864,1878
1874,1888
1884,1898
1894,1908
1904,1918
1914,1928
1924,1938
1934,1948
1944,1958
1954,1968
1964,1978
1974,1988
1984,1998
1994,2008
2004,2018
2014,2028
2024,2038
2034,2048
2044,2058
2054,2068
2064,2078
2074,2088
2084,2098
2094,2108
2104,2118
2114,2128
2124,2138
2134,2148
2144,2158
2154,2168
2164,2178
2174,2188
2184,2198
2194,2208
2204,2218
2214,2228
2224,2238
2234,2248
2244,2258
2254,2268
2264,2278
2274,2288
2284,2298
2294,2308
2304,2318
2314,2328
2324,2338
2334,2348
2344,2358
2354,2368
2364,2378
2374,2388
2384,2398
2394,2408
2404,2418
2414,2428
2424,2438
2434,2448
2444,2458
2454,2468
2464,2478
4,22
18,36
32,50
46,64
60,78
74,92
88,106
102,120
116,134
130,148
144,162
158,176
172,190
186,204
200,218
214,232
228,246
242,260
256,274
270,288
284,302
298,316
312,330
326,344
340,358
354,372
368,386
382,400
396,414
410,428
424,442
438,456
452,470
466,484
480,498
494,512
508,526
522,540
536,554
550,568
564,582
578,596
592,610
606,624
620,638
634,652
648,666
662,680
676,694
690,708
704,722
718,736
732,750
746,764
760,778
774,792
788,806
802,820
816,834
830,848
844,862
858,876
872,890
886,904
900,918
914,932
928,946
942,960
956,974
970,988
984,1002
998,1016
1012,1030
1026,1044
1040,1058
1054,1072
1068,1086
1082,1100
1096,1114
1110,1128
1124,1142
1138,1156
1152,1170
1166,1184
1180,1198
1194,1212
1208,1226
1222,1240
1236,1254
1250,1268
1264,1282
1278,1296
1292,1310
1306,1324
1320,1338
1334,1352
1348,1366
1362,1380
1376,1394
1390,1408
1404,1422
1418,1436
1432,1450
1446,1464
1460,1478
1474,1492
1488,1506
1502,1520
1516,1534
1530,1548
1544,1562
1558,1576
1572,1590
1586,1604
1600,1618
1614,1632
1628,1646
1642,1660
1656,1674
1670,1688
1684,1702
1698,1716
1712,1730
1726,1744
1740,1758
1754,1772
1768,1786
1782,1800
1796,1814
1810,1828
1824,1842
1838,1856
1852,1870
1866,1884
1880,1898
1894,1912
1908,1926
1922,1940
1936,1954
1950,1968
1964,1982
1978,1996
1992,2010
2006,2024
2020,2038
2034,2052
2048,2066
2062,2080
2076,2094
2090,2108
2104,2122
2118,2136
2132,2150
2146,2164
2160,2178
2174,2192
2188,2206
2202,2220
2216,2234
2230,2248
2244,2262
2258,2276
2272,2290
2286,2304
2300,2318
2314,2332
2328,2346
2342,2360
2356,2374
2370,2388
2384,2402
2398,2416
2412,2430
2426,2444
2440,2458
2454,2472
4,26
20,42
36,58
52,74
68,90
84,106
100,122
116,138
132,154
148,170
164,186
180,202
196,218
212,234
228,250
244,266
260,282
276,298
292,314
308,330
324,346
340,362
356,378
372,394
388,410
404,426
420,442
436,458
452,474
468,490
484,506
500,522
516,538
532,554
548,570
564,586
580,602
596,618
612,634
628,650
644,666
660,682
676,698
692,714
708,730
724,746
740,762
756,778
772,794
788,810
804,826
820,842
836,858
852,874
868,890
884,906
900,922
916,938
932,954
948,970
964,986
980,1002
996,1018
1012,1034
1028,1050
1044,1066
1060,1082
1076,1098
1092,1114
1108,1130
1124,1146
1140,1162
1156,1178
1172,1194
1188,1210
1204,1226
1220,1242
1236,1258
1252,1274
1268,1290
1284,1306
1300,1322
1316,1338
1332,1354
1348,1370
1364,1386
1380,1402
1396,1418
1412,1434
1428,1450
1444,1466
1460,1482
1476,1498
1492,1514
1508,1530
1524,1546
1540,1562
1556,1578
1572,1594
1588,1610
1604,1626
1620,1642
1636,1658
1652,1674
1668,1690
1684,1706
1700,1722
1716,1738
1732,1754
1748,1770
1764,1786
1780,1802
1796,1818
1812,1834
1828,1850
1844,1866
1860,1882
1876,1898
1892,1914
1908,1930
1924,1946
1940,1962
1956,1978
1972,1994
1988,2010
2004,2026
2020,2042
2036,2058
2052,2074
2068,2090
2084,2106
2100,2122
2116,2138
2132,2154
2148,2170
2164,2186
2180,2202
2196,2218
2212,2234
2228,2250
2244,2266
2260,2282
2276,2298
2292,2314
2308,2330
2324,2346
2340,2362
2356,2378
2372,2394
2388,2410
2404,2426
2420,2442
2436,2458
2452,2474
4,30
24,50
44,70
64,90
84,110
104,130
124,150
144,170
164,190
184,210
204,230
224,250
244,270
264,290
284,310
304,330
324,350
344,370
364,390
384,410
404,430
424,450
444,470
464,490
484,510
504,530
524,550
544,570
564,590
584,610
604,630
624,650
644,670
664,690
684,710
704,730
724,750
744,770
764,790
784,810
804,830
824,850
844,870
864,890
884,910
904,930
924,950
944,970
964,990
984,1010
1004,1030
1024,1050
1044,1070
1064,1090
1084,1110
1104,1130
1124,1150
1144,1170
1164,1190
1184,1210
1204,1230
1224,1250
1244,1270
1264,1290
1284,1310
1304,1330
1324,1350
1344,1370
1364,1390
1384,1410
1404,1430
1424,1450
1444,1470
1464,1490
1484,1510
1504,1530
1524,1550
1544,1570
1564,1590
1584,1610
1604,1630
1624,1650
1644,1670
1664,1690
1684,1710
1704,1730
1724,1750
1744,1770
1764,1790
1784,1810
1804,1830
1824,1850
1844,1870
1864,1890
1884,1910
1904,1930
1924,1950
1944,1970
1964,1990
1984,2010
2004,2030
2024,2050
2044,2070
2064,2090
2084,2110
2104,2130
2124,2150
2144,2170
2164,2190
2184,2210
2204,2230
2224,2250
2244,2270
2264,2290
2284,2310
2304,2330
2324,2350
2344,2370
2364,2390
2384,2410
2404,2430
2424,2450
2444,2470
4,34
26,56
48,78
70,100
92,122
114,144
136,166
158,188
180,210
202,232
224,254
246,276
268,298
290,320
312,342
334,364
356,386
378,408
400,430
422,452
444,474
466,496
488,518
510,540
532,562
554,584
576,606
598,628
620,650
642,672
664,694
686,716
708,738
730,760
752,782
774,804
796,826
818,848
840,870
862,892
884,914
906,936
928,958
950,980
972,1002
994,1024
1016,1046
1038,1068
1060,1090
1082,1112
1104,1134
1126,1156
1148,1178
1170,1200
1192,1222
1214,1244
1236,1266
1258,1288
1280,1310
1302,1332
1324,1354
1346,1376
1368,1398
1390,1420
1412,1442
1434,1464
1456,1486
1478,1508
1500,1530
1522,1552
1544,1574
1566,1596
1588,1618
1610,1640
1632,1662
1654,1684
1676,1706
1698,1728
1720,1750
1742,1772
1764,1794
1786,1816
1808,1838
1830,1860
1852,1882
1874,1904
1896,1926
1918,1948
1940,1970
1962,1992
1984,2014
2006,2036
2028,2058
2050,2080
2072,2102
2094,2124
2116,2146
2138,2168
2160,2190
2182,2212
2204,2234
2226,2256
2248,2278
2270,2300
2292,2322
2314,2344
2336,2366
2358,2388
2380,2410
2402,2432
2424,2454
2446,2476
4,38
30,64
56,90
82,116
108,142
134,168
160,194
186,220
212,246
238,272
264,298
290,324
316,350
342,376
368,402
394,428
420,454
446,480
472,506
498,532
524,558
550,584
576,610
602,636
628,662
654,688
680,714
706,740
732,766
758,792
784,818
810,844
836,870
862,896
888,922
914,948
940,974
966,1000
992,1026
1018,1052
1044,1078
1070,1104
1096,1130
1122,1156
1148,1182
1174,1208
1200,1234
1226,1260
1252,1286
1278,1312
1304,1338
1330,1364
1356,1390
1382,1416
1408,1442
1434,1468
1460,1494
1486,1520
1512,1546
1538,1572
1564,1598
1590,1624
1616,1650
1642,1676
1668,1702
1694,1728
1720,1754
1746,1780
1772,1806
1798,1832
1824,1858
1850,1884
1876,1910
1902,1936
1928,1962
1954,1988
1980,2014
2006,2040
2032,2066
2058,2092
2084,2118
2110,2144
2136,2170
2162,2196
2188,2222
2214,2248
2240,2274
2266,2300
2292,2326
2318,2352
2344,2378
2370,2404
2396,2430
2422,2456
4,42
32,70
60,98
88,126
116,154
144,182
172,210
200,238
228,266
256,294
284,322
312,350
340,378
368,406
396,434
424,462
452,490
480,518
508,546
536,574
564,602
592,630
620,658
648,686
676,714
704,742
732,770
760,798
788,826
816,854
844,882
872,910
900,938
928,966
956,994
984,1022
1012,1050
1040,1078
1068,1106
1096,1134
1124,1162
1152,1190
1180,1218
1208,1246
1236,1274
1264,1302
1292,1330
1320,1358
1348,1386
1376,1414
1404,1442
1432,1470
1460,1498
1488,1526
1516,1554
1544,1582
1572,1610
1600,1638
1628,1666
1656,1694
1684,1722
1712,1750
1740,1778
1768,1806
1796,1834
1824,1862
1852,1890
1880,1918
1908,1946
1936,1974
1964,2002
1992,2030
2020,2058
2048,2086
2076,2114
2104,2142
2132,2170
2160,2198
2188,2226
2216,2254
2244,2282
2272,2310
2300,2338
2328,2366
2356,2394
2384,2422
2412,2450
2440,2478
4,46
36,78
68,110
100,142
132,174
164,206
196,238
228,270
260,302
292,334
324,366
356,398
388,430
420,462
452,494
484,526
516,558
548,590
580,622
612,654
644,686
676,718
708,750
740,782
772,814
804,846
836,878
868,910
900,942
932,974
964,1006
996,1038
1028,1070
1060,1102
1092,1134
1124,1166
1156,1198
1188,1230
1220,1262
1252,1294
1284,1326
1316,1358
1348,1390
1380,1422
1412,1454
1444,1486
1476,1518
1508,1550
1540,1582
1572,1614
1604,1646
1636,1678
1668,1710
1700,1742
1732,1774
1764,1806
1796,1838
1828,1870
1860,1902
1892,1934
1924,1966
1956,1998
1988,2030
2020,2062
2052,2094
2084,2126
2116,2158
2148,2190
2180,2222
2212,2254
2244,2286
2276,2318
2308,2350
2340,2382
2372,2414
2404,2446
2436,2478
4,50
38,84
72,118
106,152
140,186
174,220
208,254
242,288
276,322
310,356
344,390
378,424
412,458
446,492
480,526
514,560
548,594
582,628
616,662
650,696
684,730
718,764
752,798
786,832
820,866
854,900
888,934
922,968
956,1002
990,1036
1024,1070
1058,1104
1092,1138
1126,1172
1160,1206
1194,1240
1228,1274
1262,1308
1296,1342
1330,1376
1364,1410
1398,1444
1432,1478
1466,1512
1500,1546
1534,1580
1568,1614
1602,1648
1636,1682
1670,1716
1704,1750
1738,1784
1772,1818
1806,1852
1840,1886
1874,1920
1908,1954
1942,1988
1976,2022
2010,2056
2044,2090
2078,2124
2112,2158
2146,2192
2180,2226
2214,2260
2248,2294
2282,2328
2316,2362
2350,2396
2384,2430
2418,2464
4,54
42,92
80,130
118,168
156,206
194,244
232,282
270,320
308,358
346,396
384,434
422,472
460,510
498,548
536,586
574,624
612,662
650,700
688,738
726,776
764,814
802,852
840,890
878,928
916,966
954,1004
992,1042
1030,1080
1068,1118
1106,1156
1144,1194
1182,1232
1220,1270
1258,1308
1296,1346
1334,1384
1372,1422
1410,1460
1448,1498
1486,1536
1524,1574
1562,1612
1600,1650
1638,1688
1676,1726
1714,1764
1752,1802
1790,1840
1828,1878
1866,1916
1904,1954
1942,1992
1980,2030
2018,2068
2056,2106
2094,2144
2132,2182
2170,2220
2208,2258
2246,2296
2284,2334
2322,2372
2360,2410
2398,2448
8,18
16,26
24,34
32,42
40,50
48,58
56,66
64,74
72,82
80,90
88,98
96,106
104,114
112,122
120,130
128,138
136,146
144,154
152,162
160,170
168,178
176,186
184,194
192,202
200,210
208,218
216,226
224,234
232,242
240,250
248,258
256,266
264,274
272,282
280,290
288,298
296,306
304,314
312,322
320,330
328,338
336,346
344,354
352,362
360,370
368,378
376,386
384,394
392,402
400,410
408,418
416,426
424,434
432,442
440,450
448,458
456,466
464,474
472,482
480,490
488,498
496,506
504,514
512,522
520,530
528,538
536,546
544,554
552,562
560,570
568,578
576,586
584,594
592,602
600,610
608,618
616,626
624,634
632,642
640,650
648,658
656,666
664,674
672,682
680,690
688,698
696,706
704,714
712,722
720,730
728,738
736,746
744,754
752,762
760,770
768,778
776,786
784,794
792,802
800,810
808,818
816,826
824,834
832,842
840,850
848,858
856,866
864,874
872,882
880,890
888,898
896,906
904,914
912,922
920,930
928,938
936,946
944,954
952,962
960,970
968,978
976,986
984,994
992,1002
1000,1010
1008,1018
1016,1026
1024,1034
1032,1042
1040,1050
1048,1058
1056,1066
1064,1074
1072,1082
1080,1090
1088,1098
1096,1106
1104,1114
1112,1122
1120,1130
1128,1138
1136,1146
1144,1154
1152,1162
1160,1170
1168,1178
1176,1186
1184,1194
1192,1202
1200,1210
1208,1218
1216,1226
1224,1234
1232,1242
1240,1250
1248,1258
1256,1266
1264,1274
1272,1282
1280,1290
1288,1298
1296,1306
1304,1314
1312,1322
1320,1330
1328,1338
1336,1346
1344,1354
1352,1362
1360,1370
1368,1378
1376,1386
1384,1394
1392,1402
1400,1410
1408,1418
1416,1426
1424,1434
1432,1442
1440,1450
1448,1458
1456,1466
1464,1474
1472,1482
1480,1490
1488,1498
1496,1506
1504,1514
1512,1522
1520,1530
1528,1538
1536,1546
1544,1554
1552,1562
1560,1570
1568,1578
1576,1586
1584,1594
1592,1602
1600,1610
1608,1618
1616,1626
1624,1634
1632,1642
1640,1650
1648,1658
1656,1666
1664,1674
1672,1682
1680,1690
1688,1698
1696,1706
1704,1714
1712,1722
1720,1730
1728,1738
1736,1746
1744,1754
1752,1762
1760,1770
1768,1778
1776,1786
1784,1794
1792,1802
1800,1810
1808,1818
1816,1826
1824,1834
1832,1842
1840,1850
1848,1858
1856,1866
1864,1874
1872,1882
1880,1890
1888,1898
1896,1906
1904,1914
1912,1922
1920,1930
1928,1938
1936,1946
1944,1954
1952,1962
1960,1970
1968,1978
1976,1986
1984,1994
1992,2002
2000,2010
2008,2018
2016,2026
2024,2034
2032,2042
2040,2050
2048,2058
2056,2066
2064,2074
2072,2082
2080,2090
2088,2098
2096,2106
2104,2114
2112,2122
2120,2130
2128,2138
2136,2146
2144,2154
2152,2162
2160,2170
2168,2178
2176,2186
2184,2194
2192,2202
2200,2210
2208,2218
2216,2226
2224,2234
2232,2242
2240,2250
2248,2258
2256,2266
2264,2274
2272,2282
2280,2290
2288,2298
2296,2306
2304,2314
2312,2322
2320,2330
2328,2338
2336,2346
2344,2354
2352,2362
2360,2370
2368,2378
2376,2386
2384,2394
2392,2402
2400,2410
2408,2418
2416,2426
2424,2434
2432,2442
2440,2450
2448,2458
2456,2466
2464,2474
8,22
18,32
28,42
38,52
48,62
58,72
68,82
78,92
88,102
98,112
108,122
118,132
128,142
138,152
148,162
158,172
168,182
178,192
188,202
198,212
208,222
218,232
228,242
238,252
248,262
258,272
268,282
278,292
288,302
298,312
308,322
318,332
328,342
338,352
348,362
358,372
368,382
378,392
388,402
398,412
408,422
418,432
428,442
438,452
448,462
458,472
468,482
478,492
488,502
498,512
508,522
518,532
528,542
538,552
548,562
558,572
568,582
578,592
588,602
598,612
608,622
618,632
628,642
638,652
648,662
658,672
668,682
678,692
688,702
698,712
708,722
718,732
728,742
738,752
748,762
758,772
768,782
778,792
788,802
798,812
808,822
818,832
828,842
838,852
848,862
858,872
868,882
878,892
888,902
898,912
908,922
918,932
928,942
938,952
948,962
958,972
968,982
978,992
988,1002
998,1012
1008,1022
1018,1032
1028,1042
1038,1052
1048,1062
1058,1072
1068,1082
1078,1092
1088,1102
1098,1112
1108,1122
1118,1132
1128,1142
1138,1152
1148,1162
1158,1172
1168,1182
1178,1192
1188,1202
1198,1212
1208,1222
1218,1232
1228,1242
1238,1252
1248,1262
1258,1272
1268,1282
1278,1292
1288,1302
1298,1312
1308,1322
1318,1332
1328,1342
1338,1352
1348,1362
1358,1372
1368,1382
1378,1392
1388,1402
1398,1412
1408,1422
1418,1432
1428,1442
1438,1452
1448,1462
1458,1472
1468,1482
1478,1492
1488,1502
1498,1512
1508,1522
1518,1532
1528,1542
1538,1552
1548,1562
1558,1572
1568,1582
1578,1592
1588,1602
1598,1612
1608,1622
1618,1632
1628,1642
1638,1652
1648,1662
1658,1672
1668,1682
1678,1692
1688,1702
1698,1712
1708,1722
1718,1732
1728,1742
1738,1752
1748,1762
1758,1772
1768,1782
1778,1792
1788,1802
1798,1812
1808,1822
1818,1832
1828,1842
1838,1852
1848,1862
1858,1872
1868,1882
1878,1892
1888,1902
1898,1912
1908,1922
1918,1932
1928,1942
1938,1952
1948,1962
1958,1972
1968,1982
1978,1992
1988,2002
1998,2012
2008,2022
2018,2032
2028,2042
2038,2052
2048,2062
2058,2072
2068,2082
2078,2092
2088,2102
2098,2112
2108,2122
2118,2132
2128,2142
2138,2152
2148,2162
2158,2172
2168,2182
2178,2192
2188,2202
2198,2212
2208,2222
2218,2232
2228,2242
2238,2252
2248,2262
2258,2272
2268,2282
2278,2292
2288,2302
2298,2312
2308,2322
2318,2332
2328,2342
2338,2352
2348,2362
2358,2372
2368,2382
2378,2392
2388,2402
2398,2412
2408,2422
2418,2432
2428,2442
2438,2452
2448,2462
2458,2472
8,26
22,40
36,54
50,68
64,82
78,96
92,110
106,124
120,138
134,152
148,166
162,180
176,194
190,208
204,222
218,236
232,250
246,264
260,278
274,292
288,306
302,320
316,334
330,348
344,362
358,376
372,390
386,404
400,418
414,432
428,446
442,460
456,474
470,488
484,502
498,516
512,530
526,544
540,558
554,572
568,586
582,600
596,614
610,628
624,642
638,656
652,670
666,684
680,698
694,712
708,726
722,740
736,754
750,768
764,782
778,796
792,810
806,824
820,838
834,852
848,866
862,880
876,894
890,908
904,922
918,936
932,950
946,964
960,978
974,992
988,1006
1002,1020
1016,1034
1030,1048
1044,1062
1058,1076
1072,1090
1086,1104
1100,1118
1114,1132
1128,1146
1142,1160
1156,1174
1170,1188
1184,1202
1198,1216
1212,1230
1226,1244
1240,1258
1254,1272
1268,1286
1282,1300
1296,1314
1310,1328
1324,1342
1338,1356
1352,1370
1366,1384
1380,1398
1394,1412
1408,1426
1422,1440
1436,1454
1450,1468
1464,1482
1478,1496
1492,1510
1506,1524
1520,1538
1534,1552
1548,1566
1562,1580
1576,1594
1590,1608
1604,1622
1618,1636
1632,1650
1646,1664
1660,1678
1674,1692
1688,1706
1702,1720
1716,1734
1730,1748
1744,1762
1758,1776
1772,1790
1786,1804
1800,1818
1814,1832
1828,1846
1842,1860
1856,1874
1870,1888
1884,1902
1898,1916
1912,1930
1926,1944
1940,1958
1954,1972
1968,1986
1982,2000
1996,2014
2010,2028
2024,2042
2038,2056
2052,2070
2066,2084
2080,2098
2094,2112
2108,2126
2122,2140
2136,2154
2150,2168
2164,2182
2178,2196
2192,2210
2206,2224
2220,2238
2234,2252
2248,2266
2262,2280
2276,2294
2290,2308
2304,2322
2318,2336
2332,2350
2346,2364
2360,2378
2374,2392
2388,2406
2402,2420
2416,2434
2430,2448
2444,2462
2458,2476
8,30
24,46
40,62
56,78
72,94
88,110
104,126
120,142
136,158
152,174
168,190
184,206
200,222
216,238
232,254
248,270
264,286
280,302
296,318
312,334
328,350
344,366
360,382
376,398
392,414
408,430
424,446
440,462
456,478
472,494
488,510
504,526
520,542
536,558
552,574
568,590
584,606
600,622
616,638
632,654
648,670
664,686
680,702
696,718
712,734
728,750
744,766
760,782
776,798
792,814
808,830
824,846
840,862
856,878
872,894
888,910
904,926
920,942
936,958
952,974
968,990
984,1006
1000,1022
1016,1038
1032,1054
1048,1070
1064,1086
1080,1102
1096,1118
1112,1134
1128,1150
1144,1166
1160,1182
1176,1198
1192,1214
1208,1230
1224,1246
1240,1262
1256,1278
1272,1294
1288,1310
1304,1326
1320,1342
1336,1358
1352,1374
1368,1390
1384,1406
1400,1422
1416,1438
1432,1454
1448,1470
1464,1486
1480,1502
1496,1518
1512,1534
1528,1550
1544,1566
1560,1582
1576,1598
1592,1614
1608,1630
1624,1646
1640,1662
1656,1678
1672,1694
1688,1710
1704,1726
1720,1742
1736,1758
1752,1774
1768,1790
1784,1806
1800,1822
1816,1838
1832,1854
1848,1870
1864,1886
1880,1902
1896,1918
1912,1934
1928,1950
1944,1966
1960,1982
1976,1998
1992,2014
2008,2030
2024,2046
2040,2062
2056,2078
2072,2094
2088,2110
2104,2126
2120,2142
2136,2158
2152,2174
2168,2190
2184,2206
2200,2222
2216,2238
2232,2254
2248,2270
2264,2286
2280,2302
2296,2318
2312,2334
2328,2350
2344,2366
2360,2382
2376,2398
2392,2414
2408,2430
2424,2446
2440,2462
2456,2478
8,34
28,54
48,74
68,94
88,114
108,134
128,154
148,174
168,194
188,214
208,234
228,254
248,274
268,294
288,314
308,334
328,354
348,374
368,394
388,414
408,434
428,454
448,474
468,494
488,514
508,534
528,554
548,574
568,594
588,614
608,634
628,654
648,674
668,694
688,714
708,734
728,754
748,774
768,794
788,814
808,834
828,854
848,874
868,894
888,914
908,934
928,954
948,974
968,994
988,1014
1008,1034
1028,1054
1048,1074
1068,1094
1088,1114
1108,1134
1128,1154
1148,1174
1168,1194
1188,1214
1208,1234
1228,1254
1248,1274
1268,1294
1288,1314
1308,1334
1328,1354
1348,1374
1368,1394
1388,1414
1408,1434
1428,1454
1448,1474
1468,1494
1488,1514
1508,1534
1528,1554
1548,1574
1568,1594
1588,1614
1608,1634
1628,1654
1648,1674
1668,1694
1688,1714
1708,1734
1728,1754
1748,1774
1768,1794
1788,1814
1808,1834
1828,1854
1848,1874
1868,1894
1888,1914
1908,1934
1928,1954
1948,1974
1968,1994
1988,2014
2008,2034
2028,2054
2048,2074
2068,2094
2088,2114
2108,2134
2128,2154
2148,2174
2168,2194
2188,2214
2208,2234
2228,2254
2248,2274
2268,2294
2288,2314
2308,2334
2328,2354
2348,2374
2368,2394
2388,2414
2408,2434
2428,2454
2448,2474
8,38
30,60
52,82
74,104
96,126
118,148
140,170
162,192
184,214
206,236
228,258
250,280
272,302
294,324
316,346
338,368
360,390
382,412
404,434
426,456
448,478
470,500
492,522
514,544
536,566
558,588
580,610
602,632
624,654
646,676
668,698
690,720
712,742
734,764
756,786
778,808
800,830
822,852
844,874
866,896
888,918
910,940
932,962
954,984
976,1006
998,1028
1020,1050
1042,1072
1064,1094
1086,1116
1108,1138
1130,1160
1152,1182
1174,1204
1196,1226
1218,1248
1240,1270
1262,1292
1284,1314
1306,1336
1328,1358
1350,1380
1372,1402
1394,1424
1416,1446
1438,1468
1460,1490
1482,1512
1504,1534
1526,1556
1548,1578
1570,1600
1592,1622
1614,1644
1636,1666
1658,1688
1680,1710
1702,1732
1724,1754
1746,1776
1768,1798
1790,1820
1812,1842
1834,1864
1856,1886
1878,1908
1900,1930
1922,1952
1944,1974
1966,1996
1988,2018
2010,2040
2032,2062
2054,2084
2076,2106
2098,2128
2120,2150
2142,2172
2164,2194
2186,2216
2208,2238
2230,2260
2252,2282
2274,2304
2296,2326
2318,2348
2340,2370
2362,2392
2384,2414
2406,2436
2428,2458
8,42
34,68
60,94
86,120
112,146
138,172
164,198
190,224
216,250
242,276
268,302
294,328
320,354
346,380
372,406
398,432
424,458
450,484
476,510
502,536
528,562
554,588
580,614
606,640
632,666
658,692
684,718
710,744
736,770
762,796
788,822
814,848
840,874
866,900
892,926
918,952
944,978
970,1004
996,1030
1022,1056
1048,1082
1074,1108
1100,1134
1126,1160
1152,1186
1178,1212
1204,1238
1230,1264
1256,1290
1282,1316
1308,1342
1334,1368
1360,1394
1386,1420
1412,1446
1438,1472
1464,1498
1490,1524
1516,1550
1542,1576
1568,1602
1594,1628
1620,1654
1646,1680
1672,1706
1698,1732
1724,1758
1750,1784
1776,1810
1802,1836
1828,1862
1854,1888
1880,1914
1906,1940
1932,1966
1958,1992
1984,2018
2010,2044
2036,2070
2062,2096
2088,2122
2114,2148
2140,2174
2166,2200
2192,2226
2218,2252
2244,2278
2270,2304
2296,2330
2322,2356
2348,2382
2374,2408
2400,2434
2426,2460
8,46
36,74
64,102
92,130
120,158
148,186
176,214
204,242
232,270
260,298
288,326
316,354
344,382
372,410
400,438
428,466
456,494
484,522
512,550
540,578
568,606
596,634
624,662
652,690
680,718
708,746
736,774
764,802
792,830
820,858
848,886
876,914
904,942
932,970
960,998
988,1026
1016,1054
1044,1082
1072,1110
1100,1138
1128,1166
1156,1194
1184,1222
1212,1250
1240,1278
1268,1306
1296,1334
1324,1362
1352,1390
1380,1418
1408,1446
1436,1474
1464,1502
1492,1530
1520,1558
1548,1586
1576,1614
1604,1642
1632,1670
1660,1698
1688,1726
1716,1754
1744,1782
1772,1810
1800,1838
1828,1866
1856,1894
1884,1922
1912,1950
1940,1978
1968,2006
1996,2034
2024,2062
2052,2090
2080,2118
2108,2146
2136,2174
2164,2202
2192,2230
2220,2258
2248,2286
2276,2314
2304,2342
2332,2370
2360,2398
2388,2426
2416,2454
8,50
40,82
72,114
104,146
136,178
168,210
200,242
232,274
264,306
296,338
328,370
360,402
392,434
424,466
456,498
488,530
520,562
552,594
584,626
616,658
648,690
680,722
712,754
744,786
776,818
808,850
840,882
872,914
904,946
936,978
968,1010
1000,1042
1032,1074
1064,1106
1096,1138
1128,1170
1160,1202
1192,1234
1224,1266
1256,1298
1288,1330
1320,1362
1352,1394
1384,1426
1416,1458
1448,1490
1480,1522
1512,1554
1544,1586
1576,1618
1608,1650
1640,1682
1672,1714
1704,1746
1736,1778
1768,1810
1800,1842
1832,1874
1864,1906
1896,1938
1928,1970
1960,2002
1992,2034
2024,2066
2056,2098
2088,2130
2120,2162
2152,2194
2184,2226
2216,2258
2248,2290
2280,2322
2312,2354
2344,2386
2376,2418
2408,2450
8,54
42,88
76,122
110,156
144,190
178,224
212,258
246,292
280,326
314,360
348,394
382,428
416,462
450,496
484,530
518,564
552,598
586,632
620,666
654,700
688,734
722,768
756,802
790,836
824,870
858,904
892,938
926,972
960,1006
994,1040
1028,1074
1062,1108
1096,1142
1130,1176
1164,1210
1198,1244
1232,1278
1266,1312
1300,1346
1334,1380
1368,1414
1402,1448
1436,1482
1470,1516
1504,1550
1538,1584
1572,1618
1606,1652
1640,1686
1674,1720
1708,1754
1742,1788
1776,1822
1810,1856
1844,1890
1878,1924
1912,1958
1946,1992
1980,2026
2014,2060
2048,2094
2082,2128
2116,2162
2150,2196
2184,2230
2218,2264
2252,2298
2286,2332
2320,2366
2354,2400
2388,2434
2422,2468
8,58
46,96
84,134
122,172
160,210
198,248
236,286
274,324
312,362
350,400
388,438
426,476
464,514
502,552
540,590
578,628
616,666
654,704
692,742
730,780
768,818
806,856
844,894
882,932
920,970
958,1008
996,1046
1034,1084
1072,1122
1110,1160
1148,1198
1186,1236
1224,1274
1262,1312
1300,1350
1338,1388
1376,1426
1414,1464
1452,1502
1490,1540
1528,1578
1566,1616
1604,1654
1642,1692
1680,1730
1718,1768
1756,1806
1794,1844
1832,1882
1870,1920
1908,1958
1946,1996
1984,2034
2022,2072
2060,2110
2098,2148
2136,2186
2174,2224
2212,2262
2250,2300
2288,2338
2326,2376
2364,2414
2402,2452
2
2128,82,0,1,2,3,4,5,6,7,8,9,10,11,13,14,15,16,17,18,19,20,21,22,23,25,26,27,28,29,30,31,34,35,36,37,38,39,40,41,42,43,44,45,46,48,49,50,51,52,53,54,55,56,57,60,61,62,63,64,65,66,69,70,71,72,73,74,75,76,77,78,79,80,81,83,86,87,88,89,90,91,92,93,94,96,97,98,99,100,101,102,103,104,105,106,107,108,109,110,111,112,113,114,115,124,129,130,133,134,135,136,137,138,139,140,141,142,143,144,145,146,147,150,151,152,153,154,155,156,157,158,159,160,161,162,163,164,165,166,167,168,169,170,171,172,173,174,175,176,177,181,182,183,184,185,186,187,188,189,190,191,192,193,194,195,196,197,198,199,200,201,202,203,204,205,206,207,208,209,210,211,212,214,215,216,217,218,219,220,221,222,223,224,225,226,227,228,229,230,231,232,233,236,237,238,239,240,241,242,243,244,245,246,247,248,249,250,251,252,253,254,255,256,257,258,259,260,261,262,263,264,265,266,267,269,270,271,272,273,274,275,276,277,278,279,280,281,282,283,284,285,286,287,288,289,290,291,292,293,294,295,296,298,304,305,306,307,308,1549,1639,1644,1696,3114,1812,33,178,1648,1813,1763,234,1821,1761,3239,1724,1727,47,85,3083,3087,3166,3241,3259,3260,3327,3328,1725,3096,3161,1749,3242,3253,1811,3296,1720,1804,1823,3039,3055,268,1625,1611,3129,1690,149,127,3200,3208,3228,1731,3264,3276,3279,3280,3286,1769,3297,1770,1781,3339,1735,3120,1748,3141,1550,1526,1782,1783,1752,1568,3258,1654,1656,1687,32,3040,3051,3073,3309,3319,3322,3324,3336,3168,3177,1673,3234,1719,3240,1825,1726,1525,3049,3274,1742,1743,3078,3294,1527,3084,1557,3317,1643,1755,1623,1764,1703,1535,1539,1801,3133,3140,1809,1604,3295,1741,3176,3316,1646,1645,3207,1745,412,1655,477,3337,521,3507,1542,3261,1993,2011,2069,1670,506,1738,3178,128,3205,1523,1799,3209,1700,1803,3235,1808,1723,476,3502,3552,1571,1581,1744,1692,1598,3094,3307,3308,3311,1608,1616,1992,3138,545,3340,3175,1736,1566,3041,1667,3052,3292,3193,411,1685,179,1586,1585,3216,3218,3313,1691,3104,3326,1613,1612,3330,2037,2055,1543,1555,3508,3521,3273,3570,3576,3201,1605,1575,1607,3088,3219,1710,1695,1790,3314,520,3121,3125,3038,1797,3042,1592,1595,1679,3188,3538,3284,350,1712,2008,3289,1680,1681,3248,3250,2062,1562,1563,1622,1824,3171,3098,471,1739,2071,3323,1522,1561,3048,3186,3381,3251,1661,3053,2053,3139,3262,3315,3271,1652,3202,1693,1991,1580,3285,1565,1564,1716,2038,3089,3131,1786,1677,1630,1631,3275,2023,1765,3059,1686,1689,1614,3037,507,1553,3111,1772,1779,3543,1780,1627,3204,675,1760,3172,490,1762,3298,1715,1714,3231,1683,1537,3277,3278,3143,3122,1567,3058,3318,1702,3081,1706,2192,2224,3170,1740,3237,475,1524,3185,2007,3254,1534,3195,1833,3101,1905,1626,1546,3062,3226,468,3074,3075,1579,3132,1776,3320,1756,3095,1759,3169,1577,3103,3174,3282,1582,1583,3293,3063,511,1596,416,1896,3134,3310,1929,1651,1688,1591,1532,1578,3304,1747,3225,1713,1678,3348,3206,1831,1624,1587,1729,1533,3113,3249,3706,1536,1594,1793,1941,3523,1709,1732,552,1722,1730,1545,420,3142,1987,3215,3165,3082,3189,1589,3106,1775,484,394,1734,491,1964,1572,1753,1754,3230,3124,3221,3479,3481,1694,3145,1558,84,3080,3115,1911,3070,1518,1961,3272,3243,297,3054,3517,1666,3522,3252,3102,3128,539,3105,3531,3072,1791,3566,498,1569,3287,3702,1615,1806,1807,316,324,3312,3183,1988,3223,1620,2214,3257,3526,3146,1792,707,1737,3236,3303,1717,3144,3130,1767,1530,2061,374,3135,3456,1663,1597,1966,3660,3196,1699,3061,1796,3443,3542,3107,3568,1551,1810,449,1650,1610,1628,538,1618,3427,3191,3192,1675,1960,3255,3093,1599,1903,3345,3354,3373,1593,3418,3097,3269,1718,2036,1877,3506,379,3060,3515,3086,3077,1653,3480,1832,1794,1573,3384,3069,123,1538,685,2050,1559,3347,330,3119,1846,1867,3346,1912,1570,1519,1672,1798,327,1866,3476,3379,3291,382,3391,720,1994,529,3425,3534,2205,512,3118,3187,2005,2381,3137,1554,3123,3755,3229,3520,1773,504,3227,3302,3290,360,3478,544,3068,1707,396,3537,1777,3046,317,499,2047,3551,3035,131,3355,3451,1547,1940,434,419,1982,3224,1785,3475,418,697,2072,1711,3162,1640,1660,1985,3256,1647,1662,450,3283,2353,3110,2001,3738,353,1521,3503,314,1705,3108,3411,1839,3321,315,2035,486,2006,1965,1862,1609,2203,535,3592,348,1800,2201,2024,1946,448,3421,3092,439,3449,1617,1937,1789,1898,1787,1858,3071,1669,3398,1708,1606,3550,3190,1701,1830,3217,3358,3705,1934,3182,1869,3361,2202,1913,3033,2241,458,380,3586,3194,1704,3548,492,447,3497,560,1881,370,845,585,2059,3325,3457,2102,2020,463,425,3574,2248,3577,3553,3867,676,1746,1548,1849,1899,1788,3410,1967,3519,2028,2017,686,2078,517,3395,836,3535,3536,1556,3572,2021,1856,3392,3036,3400,3561,1841,1936,2031,364,3167,3203,2123,3364,3371,543,487,532,3382,390,3895,3232,1766,1974,1910,2372,3420,1954,3136,3076,2019,445,3495,467,555,1956,398,1758,2003,1757,2361,3244,1590,3716,3564,3549,1972,323,3220,1659,325,537,1842,3450,371,3565,342,1588,456,1933,3700,493,1668,519,1619,1733,3405,444,313,2022,3760,3214,1900,3513,3737,1882,3233,509,3288,1621,1657,1774,500,3380,3047,3306,536,1658,3390,561,617,1603,1948,3514,387,1975,1560,338,681,1951,3370,1963,3357,3687,3533,3305,3465,1802,3050,3447,1957,2217,455,542,1814,1885,489,3470,1886,2191,652,1531,3385,3403,1864,3057,367,3270,2004,3429,3034,3727,381,3112,333,2223,3067,2188,3085,1914,1517,606,655,432,3369,438,3516,349,3499,3198,1671,3647,3402,3569,501,3471,3487,3750,2052,3109,1676,3222,1890,3683,446,3562,3184,3263,2209,1771,1750,503,488,3575,464,3356,407,1642,530,526,541,1875,2076,1721,3584,2486,389,2034,3540,505,3560,321,429,483,3573,3468,3469,1916,359,2152,527,691,3363,2211,3126,1980,395,4000,1865,1728,3043,724,1962,365,531,3464,440,3489,2009,1768,3486,3532,674,599,1998,3406,3629,322,2362,3717,1674,3463,533,437,3546,354,579,1649,341,3749,2200,833,1979,656,3213,386,1870,618,345,372,3498,3045,1939,1973,343,3731,2173,1778,1897,3623,2077,3426,1950,473,2155,1887,1932,1883,1795,2231,2232,554,1600,3393,3066,3454,472,2000,3601,2046,3179,4007,3265,2212,3665,326,3238,3614,662,3301,3247,485,547,3736,2002,3494,2235,1889,369,351,2045,2033,494,2109,3788,362,2392,3744,332,459,1855,3591,2048,587,1838,653,466,1888,495,1859,1999,3686,1942,3415,373,460,2051,340,2104,3412,1955,474,3147,1602,1935,2172,2302,3642,3344,3597,2150,3894,3590,2396,3374,3431,2198,2234,846,3467,3753,3698,584,2103,534,3766,1977,1544,361,1997,1981,2350,2026,2149,3452,3849,863,2162,3397,2196,3886,2030,855,3268,1884,417,1952,2169,602,388,3424,654,3626,680,2136,714,3442,1847,352,3353,2119,3719,2199,1984,3735,2274,3419,1698,457,431,516,3376,1983,3490,3199,3389,2101,2210,4022,3685,3726,3567,3509,482,430,644,559,3664,3693,3524,2010,3396,2375,3876,1878,2112,706,2094,3197,3618,3663,1805,3488,3504,672,3866,424,2213,2171,3669,465,2027,695,1850,2230,1876,1871,2018,3448,515,378,433,3383,3715,513,2156,566,1874,3723,3748,311,2049,2058,3648,704,3691,368,339,593,666,613,2135,1949,522,696,1861,785,3401,2193,3462,3762,2273,635,1834,1915,3638,645,3477,3558,816,2252,879,1904,3482,2177,502,2368,358,436,2253,3728,1520,3210,3417,2128,2133,1990,3413,3616,2233,3428,1552,3615,1907,3500,3493,588,3713,383,1829,567,3607,392,310,3281,3173,573,3725,864,3377,2113,3872,564,735,397,1860,1848,3668,2057,3599,3610,649,2096,375,3455,1917,3460,3518,1684,632,1891,2221,1908,2508,1989,693,1843,2056,3850,3643,3372,423,329,3423,2115,1822,3787,853,2189,804,642,3266,3847,3065,3491,736,3563,3557,3745,3156,132,2608,3547,2166,3752,58,2015,3884,3910,2352,3747,1902,3714,2016,518,4015,2183,3598,1906,2165,3783,462,639,2154,578,2358,1868,3772,687,673,3409,2371,684,2114,2082,3539,3644,3608,3079,3631,1895,3712,3596,426,2179,705,3875,713,2336,717,700,2089,756,586,2084,3246,528,393,3422,716,514,3724,3461,2363,357,3697,837,870,3444,3622,3368,2237,2286,3834,3181,692,2380,4220,3595,660,3900,3684,568,668,2239,2060,571,786,1953,391,3916,682,718,3351,2044,2134,3466,2423,818,3378,854,723,3906,2186,3637,451,3399,2029,3628,1976,3893,701,2494,347,336,619,1837,3160,524,580,2146,3365,2321,759,346,3937,3699,384,2281,1840,3492,2032,776,2160,2313,758,2333,2100,577,2204,820,3674,2178,3525,2276,2042,3835,2340,764,3530,2054,2117,3338,2197,2258,1629,3496,731,3414,596,598,3679,643,3919,633,2370,1857,525,875,3603,3790,3711,3696,2303,3541,799,1540,2472,611,1947,800,1978,2269,665,597,2493,3901,694,312,3159,3627,657,3936,1028,3352,478,664,3746,3559,2125,366,2116,3885,2391,683,3902,3811,2601,2118,2151,3920,648,3589,1892,3300,3676,2129,2501,3362,889,637,3797,3675,3765,3874,3617,2360,862,2470,3501,1995,2164,661,3545,3871,3473,3612,612,3883,757,421,991,3692,3803,634,2108,4115,2335,3986,3882,2130,3649,3816,4122,3341,565,841,956,2236,3064,592,977,2406,2240,873,1202,1828,874,3844,3633,3829,819,2090,3117,803,3959,3889,4006,3666,2097,3299,553,2379,621,320,2318,614,2330,607,3680,3375,546,469,3718,1574,95,3678,699,2275,722,331,669,3529,601,752,4014,2041,3505,3754,1844,3544,3877,2405,3771,2163,829,2460,481,1682,2126,2387,2316,844,3873,3812,2170,3908,2284,3903,2390,1959,309,2110,976,1986,2500,470,2161,667,719,3388,3733,591,3710,3672,2124,702,3651,3404,572,801,2345,435,2184,843,2238,2131,2528,3621,742,3703,878,750,3707,2098,3734,1091,871,3854,4034,3630,906,337,3673,771,730,2083,3773,809,703,3770,508,600,3860,582,2395,967,2222,3729,4135,2389,2087,715,2216,3802,3933,638,344,2182,1190,4004,3639,609,1853,413,3116,769,3855,4129,2085,2280,2419,2422,3556,3722,2014,3609,2259,751,461,3831,3704,2320,3839,888,2159,984,4031,725,4042,858,1971,1826,3904,2796,951,3794,2615,3632,2621,2294,2297,663,2369,334,3777,2354,3650,2298,3367,583,754,2075,2095,983,2208,2190,2324,2329,852,2457,955,823,4058,2181,540,3742,740,670,3789,2251,3840,595,2327,2289,2293,2257,1105,4012,556,3636,688,763,3905,1827,3817,3641,921,2081,1003,3924,3512,2025,3891,2283,442,2490,2492,831,3329,902,2088,1854,807,941,782,2304,1836,2640,2707,813,608,3970,1945,2064,3155,3859,1815,2325,698,2256,1863,872,2185,2219,847,2446,828,3781,2364,772,443,3472,1928,777,3798,2544,851,2107,3807,746,616,2268,3909,3485,3830,877,975,3931,2394,2334,3942,840,739,3971,2346,3163,4005,996,741,4008,3861,3862,3864,4021,2424,2438,2285,1909,1011,4103,2359,4121,1072,907,1098,4153,908,
5,3799,66,1579,2112,2287,
